/home/jasper/Datasets/Day/JPEGImages/0001.jpg 217,80,253,114,0 203,142,242,182,0 184,202,214,229,0 8,211,32,232,0 11,299,36,326,0 59,297,90,329,0 67,398,96,426,0 262,273,281,291,0 365,202,397,235,0 396,330,431,363,0 384,363,422,404,0 423,362,453,392,0 500,3,541,46,0 540,113,580,151,0 509,142,550,180,0 511,271,541,302,0 534,309,568,341,0 512,318,549,353,0
/home/jasper/Datasets/Day/JPEGImages/0002.jpg 175,198,230,250,0 146,297,210,361,0 117,381,168,436,0 623,299,640,347,0
/home/jasper/Datasets/Day/JPEGImages/0005.jpg 263,9,391,117,0
/home/jasper/Datasets/Day/JPEGImages/0006.jpg 1,310,156,480,0 15,231,87,311,0
/home/jasper/Datasets/Day/JPEGImages/0009.jpg 314,182,441,307,0 340,306,463,422,0 272,395,379,480,0
/home/jasper/Datasets/Day/JPEGImages/0010.jpg 241,45,254,60,0 442,69,476,101,0 377,293,395,311,0 1,354,15,376,0 606,41,639,70,0 582,147,607,171,0 508,173,532,198,0 481,177,511,201,0 582,246,608,270,0 446,249,472,270,0 511,237,526,251,0 464,7,484,25,0
/home/jasper/Datasets/Day/JPEGImages/0013.jpg 179,208,234,261,0 151,304,213,367,0 123,381,188,445,0 616,301,640,361,0 596,183,640,235,0
/home/jasper/Datasets/Day/JPEGImages/0014.jpg 26,177,124,261,0 1,329,75,426,0
/home/jasper/Datasets/Day/JPEGImages/0017.jpg 330,1,451,82,0 320,167,466,318,0
/home/jasper/Datasets/Day/JPEGImages/0018.jpg 386,3,485,93,0 424,152,518,257,0 1,449,68,480,0
/home/jasper/Datasets/Day/JPEGImages/0021.jpg 97,173,161,226,0 44,232,120,309,0 134,334,190,383,0 12,388,97,462,0 1,441,95,480,0 112,446,178,480,0 174,287,237,348,0 263,277,327,341,0 312,259,363,311,0 186,164,233,206,0 318,312,365,357,0
/home/jasper/Datasets/Day/JPEGImages/0022.jpg 107,165,158,221,0 33,221,103,298,0 5,375,92,456,0 1,428,89,480,0 100,436,174,480,0 131,314,189,371,0 170,275,241,346,0 253,269,326,332,0 310,246,383,310,0
/home/jasper/Datasets/Day/JPEGImages/0025.jpg 93,113,163,177,0 61,164,110,208,0 174,102,238,161,0 230,94,283,149,0 1,220,27,275,0 1,261,28,305,0 45,265,97,318,0 86,292,143,352,0 139,313,180,356,0 155,324,209,375,0 214,254,282,306,0 264,362,320,404,0 392,192,430,223,0 381,218,420,253,0 469,230,506,262,0 458,258,497,288,0 489,282,533,315,0 445,339,490,385,0 19,11,69,63,0 617,227,638,245,0
/home/jasper/Datasets/Day/JPEGImages/0026.jpg 114,109,179,155,0 62,179,117,218,0 1,144,47,199,0 1,217,32,251,0 40,314,106,366,0 1,399,46,447,0 71,393,122,442,0 143,445,187,480,0 198,432,227,455,0 168,208,219,248,0 195,289,247,330,0 293,266,336,305,0 248,27,284,59,0 278,56,313,80,0 519,107,538,127,0 604,195,631,219,0 1,1,32,23,0 76,1,111,19,0 416,37,427,51,0 347,125,373,151,0 274,88,302,122,0
/home/jasper/Datasets/Day/JPEGImages/0029.jpg 272,166,397,303,0 318,288,463,424,0 452,359,565,456,0
/home/jasper/Datasets/Day/JPEGImages/0030.jpg 502,294,638,413,0
/home/jasper/Datasets/Day/JPEGImages/0033.jpg 180,56,226,103,0 197,1,237,22,0 166,124,195,155,0 29,241,58,267,0 1,427,25,459,0 253,400,288,441,0 282,387,313,417,0 380,134,414,167,0 366,341,402,374,0 400,346,432,383,0 442,294,473,327,0 445,330,476,356,0 527,257,568,297,0 587,26,636,81,0 544,58,593,106,0 535,203,572,245,0 586,170,622,204,0 555,251,595,290,0 592,253,627,291,0
/home/jasper/Datasets/Day/JPEGImages/0034.jpg 183,39,232,89,0 164,133,221,191,0 150,203,189,245,0 1,330,32,370,0 9,445,44,480,0 252,331,290,368,0 389,347,401,359,0 386,210,433,254,0 585,14,636,64,0 590,127,640,182,0 580,296,630,344,0 608,348,640,382,0
/home/jasper/Datasets/Day/JPEGImages/0037.jpg 366,10,533,161,0 1,338,24,444,0
/home/jasper/Datasets/Day/JPEGImages/0038.jpg 1,334,52,459,0 538,211,640,382,0
/home/jasper/Datasets/Day/JPEGImages/0041.jpg 106,78,133,101,0
/home/jasper/Datasets/Day/JPEGImages/0042.jpg 271,21,290,40,0 242,26,255,41,0 135,103,149,117,0 125,104,137,118,0 300,322,316,338,0 335,101,356,123,0 444,13,463,34,0 456,44,491,75,0 452,70,480,93,0 423,95,456,127,0 566,1,599,33,0 512,105,547,139,0 580,173,617,211,0 454,138,486,169,0 530,216,558,244,0 466,233,492,260,0 399,183,419,209,0 376,190,400,213,0 354,264,379,286,0 332,295,352,318,0 475,289,511,323,0 522,338,548,363,0
/home/jasper/Datasets/Day/JPEGImages/0045.jpg 418,344,482,404,0 145,238,213,307,0 179,133,240,190,0 105,327,174,393,0
/home/jasper/Datasets/Day/JPEGImages/0046.jpg 161,1,253,80,0 110,137,214,237,0 56,263,154,366,0 509,308,606,385,0
/home/jasper/Datasets/Day/JPEGImages/0049.jpg 33,18,55,36,0 71,1,101,18,0 102,42,123,62,0 144,130,165,150,0 131,154,153,174,0 160,141,181,160,0 175,157,192,179,0 194,187,224,215,0 182,96,210,126,0 181,62,216,94,0 161,47,192,70,0 181,13,217,51,0 204,40,233,69,0 260,57,309,102,0 282,117,329,159,0 337,114,373,150,0 401,19,458,72,0 454,1,513,19,0 562,1,640,41,0 480,77,523,124,0 435,155,485,207,0 394,174,447,222,0 480,222,523,265,0 452,243,485,279,0 452,290,495,328,0 387,317,427,348,0 374,338,412,371,0
/home/jasper/Datasets/Day/JPEGImages/0050.jpg 47,209,149,304,0 63,301,160,393,0 32,393,132,480,0 123,408,225,480,0
/home/jasper/Datasets/Day/JPEGImages/0053.jpg 1,267,14,293,0 68,401,97,431,0 66,296,95,325,0 15,300,40,324,0 14,203,40,232,0 222,81,258,114,0 207,139,245,178,0 189,193,224,229,0 366,201,400,236,0 539,114,577,158,0 511,139,549,179,0 556,234,584,266,0 512,272,543,298,0 534,304,570,339,0 513,318,549,351,0
/home/jasper/Datasets/Day/JPEGImages/0054.jpg 69,38,107,78,0 52,74,88,110,0 1,82,13,118,0 84,206,107,233,0 121,201,156,237,0 167,222,193,246,0 23,223,63,264,0 37,261,71,294,0 56,307,85,339,0 101,273,129,302,0 137,304,165,331,0 182,305,205,333,0 164,262,184,284,0 55,409,86,435,0 18,454,47,480,0 160,383,186,408,0 178,402,199,423,0 347,80,381,115,0 333,144,372,183,0 308,208,342,239,0 381,301,416,337,0 491,206,529,241,0
/home/jasper/Datasets/Day/JPEGImages/0057.jpg 295,290,374,369,0 272,246,328,299,0
/home/jasper/Datasets/Day/JPEGImages/0058.jpg 309,209,437,328,0 278,138,351,204,0
/home/jasper/Datasets/Day/JPEGImages/0061.jpg 306,69,574,325,0
/home/jasper/Datasets/Day/JPEGImages/0062.jpg 322,48,640,344,0
/home/jasper/Datasets/Day/JPEGImages/0065.jpg 430,82,640,287,0
/home/jasper/Datasets/Day/JPEGImages/0066.jpg 472,97,640,272,0 453,1,524,73,0
/home/jasper/Datasets/Day/JPEGImages/0069.jpg 497,105,640,260,0 487,19,552,89,0
/home/jasper/Datasets/Day/JPEGImages/0070.jpg 8,369,30,390,0 460,18,485,45,0 399,67,419,82,0 411,77,429,94,0 415,106,433,123,0 491,103,527,134,0 472,115,495,133,0 516,31,537,54,0 582,84,608,108,0 627,92,640,117,0 619,134,640,169,0 570,146,592,166,0 565,223,591,254,0 534,223,564,249,0 489,293,518,320,0 457,321,479,343,0 560,277,583,304,0 608,288,626,306,0 271,46,282,59,0 264,45,272,56,0 407,316,426,331,0 435,1,456,17,0
/home/jasper/Datasets/Day/JPEGImages/0073.jpg 303,290,409,399,0 279,246,333,294,0
/home/jasper/Datasets/Day/JPEGImages/0074.jpg 315,216,456,355,0 297,140,358,201,0
/home/jasper/Datasets/Day/JPEGImages/0077.jpg 1,7,230,251,0 216,228,631,480,0
/home/jasper/Datasets/Day/JPEGImages/0078.jpg 396,154,597,340,0 307,94,389,172,0
/home/jasper/Datasets/Day/JPEGImages/0081.jpg 299,69,334,106,0 24,34,56,68,0 1,64,31,97,0 66,187,98,223,0 30,202,54,230,0 114,213,140,239,0 52,258,77,286,0 14,302,37,323,0 81,296,106,321,0 130,296,153,324,0 258,186,295,224,0 42,346,73,376,0 333,288,366,324,0 407,385,417,396,0 442,195,477,229,0 623,111,640,141,0 594,129,636,171,0 615,299,640,336,0 587,311,625,345,0 592,264,621,294,0 587,50,624,85,0
/home/jasper/Datasets/Day/JPEGImages/0082.jpg 18,392,47,423,0 42,344,71,373,0 31,298,55,326,0 129,289,161,320,0 86,287,113,318,0 56,254,98,288,0 48,282,75,307,0 1,253,24,280,0 43,233,71,256,0 75,185,109,223,0 7,69,33,97,0 17,39,47,68,0 297,67,333,104,0 259,183,295,222,0 336,292,363,320,0 406,385,417,397,0 437,192,475,225,0 586,127,626,169,0 618,104,640,150,0 586,262,619,294,0 608,297,640,330,0 585,311,619,343,0 506,346,538,375,0 121,206,151,236,0
/home/jasper/Datasets/Day/JPEGImages/0085.jpg 16,66,58,102,0 1,183,16,211,0 85,261,113,287,0 87,288,114,321,0 79,443,109,477,0 184,194,211,222,0 221,396,254,432,0 263,345,295,376,0 325,385,337,398,0 334,305,369,341,0 347,295,378,327,0 376,299,412,328,0 384,346,417,381,0 328,261,356,288,0 370,227,399,253,0 318,133,352,170,0 339,104,377,146,0 361,136,391,172,0 522,90,559,128,0 568,119,609,157,0 513,153,548,191,0 537,206,575,243,0 521,318,558,356,0
/home/jasper/Datasets/Day/JPEGImages/0086.jpg 8,67,49,104,0 77,266,109,293,0 84,290,113,322,0 220,399,256,439,0 180,197,210,230,0 263,345,296,376,0 273,384,299,415,0 299,1,335,33,0 341,106,381,152,0 357,92,393,125,0 320,136,354,173,0 375,231,402,259,0 328,267,353,291,0 347,301,381,333,0 334,314,366,346,0 386,348,418,385,0 327,385,339,396,0 530,91,564,124,0 574,123,618,160,0 517,155,557,192,0 543,212,582,244,0 526,324,564,358,0 73,451,108,480,0
/home/jasper/Datasets/Day/JPEGImages/0089.jpg 301,5,327,31,0 5,69,42,108,0 1,208,25,236,0 76,269,102,299,0 76,298,106,325,0 67,450,105,480,0 104,440,137,469,0 107,407,137,435,0 221,400,251,436,0 265,382,293,413,0 260,348,290,379,0 177,199,206,229,0 314,133,351,172,0 339,108,376,151,0 372,233,400,261,0 321,266,349,294,0 344,299,373,331,0 327,311,365,346,0 384,345,416,385,0 320,385,333,397,0 521,321,559,359,0 537,208,575,247,0 516,153,558,191,0 570,120,611,159,0 523,94,558,127,0 355,91,383,122,0
/home/jasper/Datasets/Day/JPEGImages/0090.jpg 2,69,44,106,0 1,198,22,225,0 78,297,103,321,0 107,408,133,434,0 103,439,137,468,0 66,450,104,480,0 219,399,251,436,0 260,349,291,379,0 269,383,291,414,0 322,385,333,398,0 191,453,206,467,0 78,269,104,293,0 176,199,207,227,0 305,10,327,30,0 353,96,385,125,0 339,107,377,148,0 314,138,350,172,0 374,230,398,257,0 326,266,351,294,0 345,301,377,331,0 330,308,363,343,0 384,348,415,383,0 529,92,561,126,0 571,119,609,157,0 513,152,554,191,0 538,208,577,246,0 522,320,556,356,0
/home/jasper/Datasets/Day/JPEGImages/0093.jpg 298,108,350,162,0 323,196,377,251,0 357,269,440,353,0 321,321,381,384,0 88,416,154,472,0 387,328,446,387,0
/home/jasper/Datasets/Day/JPEGImages/0094.jpg 246,6,340,91,0 326,214,438,347,0 368,309,465,389,0 266,305,363,396,0 264,127,345,204,0
/home/jasper/Datasets/Day/JPEGImages/0097.jpg 65,1,263,78,0 335,19,471,156,0
/home/jasper/Datasets/Day/JPEGImages/0098.jpg 16,1,189,28,0 307,1,530,132,0
/home/jasper/Datasets/Day/JPEGImages/0101.jpg 1,1,100,211,0 201,1,437,122,0 19,1,151,142,0
/home/jasper/Datasets/Day/JPEGImages/0102.jpg 1,1,206,203,0 224,1,450,114,0
/home/jasper/Datasets/Day/JPEGImages/0105.jpg 105,229,238,362,0
/home/jasper/Datasets/Day/JPEGImages/0106.jpg 14,110,80,171,0 31,170,108,231,0 91,193,169,256,0 99,265,187,345,0 177,351,251,419,0
/home/jasper/Datasets/Day/JPEGImages/0109.jpg 187,1,229,39,0 1,119,33,153,0 142,138,168,160,0 164,151,182,167,0 53,213,90,253,0 61,164,89,199,0 59,135,86,160,0 61,311,88,339,0 20,383,47,409,0 58,403,85,428,0 209,399,243,435,0 240,391,274,424,0 251,362,274,387,0 196,368,223,397,0 227,242,265,275,0 228,212,264,245,0 343,156,380,193,0 354,378,390,411,0 407,329,446,365,0 513,101,561,145,0 552,64,605,123,0 585,43,627,85,0 563,214,606,257,0 492,310,533,351,0 513,303,551,339,0 493,262,529,291,0 549,309,596,344,0
/home/jasper/Datasets/Day/JPEGImages/0110.jpg 117,166,282,345,0
/home/jasper/Datasets/Day/JPEGImages/0113.jpg 11,78,54,115,0 5,215,30,238,0 79,273,110,298,0 89,296,115,324,0 184,204,212,232,0 222,408,256,447,0 264,355,292,385,0 275,383,306,413,0 324,392,337,404,0 319,143,356,180,0 360,102,388,134,0 365,144,405,182,0 377,234,408,266,0 339,315,375,353,0 360,309,377,333,0 385,309,416,340,0 328,266,360,304,0 387,355,423,389,0 580,128,617,165,0 535,104,565,133,0 519,164,556,198,0 543,217,585,253,0 527,329,561,370,0 309,3,348,40,0
/home/jasper/Datasets/Day/JPEGImages/0114.jpg 220,1,333,88,0 319,213,407,287,0 235,317,339,409,0 359,322,468,408,0
/home/jasper/Datasets/Day/JPEGImages/0117.jpg 248,1,447,132,0 1,7,206,217,0
/home/jasper/Datasets/Day/JPEGImages/0118.jpg 16,87,44,114,0 95,78,123,107,0 151,91,186,123,0 150,124,186,159,0 149,174,182,210,0 81,206,106,229,0 41,282,55,299,0 1,303,17,326,0 16,325,35,346,0 16,385,38,407,0 107,334,126,355,0 145,365,169,392,0 144,406,172,437,0 145,266,177,298,0 279,376,311,411,0 312,370,345,400,0 331,345,351,365,0 316,217,354,248,0 324,194,353,224,0 242,101,273,129,0 444,135,480,172,0 490,327,533,364,0 427,370,465,398,0 592,318,629,358,0 619,310,640,353,0
/home/jasper/Datasets/Day/JPEGImages/0121.jpg 1,354,61,446,0 321,207,419,297,0 433,225,527,308,0 433,112,503,192,0 326,39,404,107,0
/home/jasper/Datasets/Day/JPEGImages/0122.jpg 302,1,443,61,0 445,1,590,106,0 486,275,626,383,0
/home/jasper/Datasets/Day/JPEGImages/0125.jpg 145,1,640,407,0
/home/jasper/Datasets/Day/JPEGImages/0126.jpg 418,75,616,270,0
/home/jasper/Datasets/Day/JPEGImages/0129.jpg 28,77,66,112,0 1,190,28,225,0 88,267,117,296,0 90,294,122,327,0 187,201,217,231,0 224,404,256,440,0 264,349,297,382,0 275,388,299,416,0 326,392,338,404,0 334,317,373,355,0 386,353,423,386,0 376,234,405,264,0 319,141,354,178,0 366,143,400,179,0 351,104,379,135,0 525,97,559,134,0 568,127,610,165,0 514,159,555,198,0 539,214,575,253,0 522,326,560,362,0 551,349,568,365,0
/home/jasper/Datasets/Day/JPEGImages/0130.jpg 263,38,381,153,0 310,186,390,253,0 314,272,364,324,0 371,264,430,325,0 289,353,375,430,0
/home/jasper/Datasets/Day/JPEGImages/0133.jpg 1,1,209,66,0 166,1,286,61,0 279,1,476,148,0
/home/jasper/Datasets/Day/JPEGImages/0134.jpg 275,1,522,127,0 110,1,243,20,0
/home/jasper/Datasets/Day/JPEGImages/0137.jpg 100,39,143,76,0 70,165,102,199,0 160,242,187,272,0 121,401,147,420,0 176,390,203,414,0 177,417,203,444,0 258,179,286,211,0 282,388,316,426,0 264,418,280,436,0 326,334,362,370,0 326,369,360,407,0 401,309,446,349,0 396,364,408,376,0 456,350,495,390,0 617,333,640,376,0 458,221,493,259,0 402,118,445,157,0 454,73,487,107,0 455,118,491,156,0 630,156,640,193,0
/home/jasper/Datasets/Day/JPEGImages/0138.jpg 292,1,437,100,0 440,23,580,148,0 507,325,623,429,0 1,1,87,108,0
/home/jasper/Datasets/Day/JPEGImages/0141.jpg 31,448,99,480,0 292,72,361,140,0 313,183,380,254,0 308,337,385,406,0 366,282,428,347,0 397,325,479,396,0
/home/jasper/Datasets/Day/JPEGImages/0142.jpg 228,37,340,144,0 337,140,420,219,0 200,240,330,357,0 350,257,472,361,0
/home/jasper/Datasets/Day/JPEGImages/0145.jpg 196,1,239,40,0 56,127,88,166,0 3,118,33,152,0 64,170,94,199,0 58,212,90,246,0 63,310,89,336,0 163,128,192,157,0 131,412,148,429,0 204,394,239,431,0 235,388,270,418,0 251,361,273,382,0 235,213,266,242,0 231,240,265,267,0 336,386,348,401,0 349,373,385,408,0 403,325,435,356,0 347,152,375,181,0 468,271,480,285,0 475,344,487,356,0 539,355,579,386,0 503,99,551,140,0 570,47,603,79,0
/home/jasper/Datasets/Day/JPEGImages/0146.jpg 15,77,58,114,0 1,203,21,237,0 79,272,111,303,0 58,428,87,458,0 78,297,115,332,0 184,203,214,232,0 221,407,254,445,0 262,354,292,384,0 307,329,318,340,0 325,393,337,405,0 386,354,421,391,0 312,142,352,181,0 349,101,380,132,0 514,160,555,199,0 540,214,579,251,0 525,328,561,367,0 569,126,610,164,0 526,102,560,135,0
/home/jasper/Datasets/Day/JPEGImages/0149.jpg 249,41,262,52,0 56,364,80,387,0 558,103,596,140,0 573,83,597,107,0 532,164,566,192,0 617,27,640,82,0
/home/jasper/Datasets/Day/JPEGImages/0150.jpg 578,129,617,166,0 532,102,568,133,0 518,163,560,199,0 544,219,582,252,0 526,328,561,367,0 222,408,256,446,0 271,388,301,416,0 260,355,295,388,0 305,329,316,339,0 325,392,336,406,0 316,142,355,177,0 371,143,406,175,0 304,9,338,40,0 11,77,54,114,0 182,206,214,238,0 75,273,109,309,0
/home/jasper/Datasets/Day/JPEGImages/0153.jpg 55,60,84,88,0 49,139,90,176,0 27,355,69,391,0 1,407,23,447,0 42,396,71,425,0 112,143,147,178,0 140,355,167,384,0 248,325,259,335,0 268,102,295,132,0 299,126,337,165,0 258,161,297,198,0 279,215,316,251,0 279,327,312,365,0 309,345,340,377,0 253,387,264,401,0 382,149,413,182,0 426,246,459,283,0
/home/jasper/Datasets/Day/JPEGImages/0154.jpg 297,254,359,312,0 425,282,491,343,0 468,334,505,380,0 266,386,325,444,0 235,413,247,425,0 240,298,296,357,0 252,205,297,259,0 8,201,60,252,0 24,249,89,316,0
/home/jasper/Datasets/Day/JPEGImages/0157.jpg 280,1,471,116,0
/home/jasper/Datasets/Day/JPEGImages/0158.jpg 108,30,211,118,0 124,1,201,41,0 2,266,66,319,0 41,351,92,397,0 87,377,130,414,0 129,413,168,449,0 230,376,311,459,0 287,364,379,434,0 287,295,374,371,0 567,301,640,390,0 269,273,345,336,0
/home/jasper/Datasets/Day/JPEGImages/0161.jpg 294,48,328,83,0 358,59,392,97,0 584,61,640,112,0 556,17,595,61,0 518,98,569,147,0 522,173,574,220,0 529,326,563,362,0 479,236,490,248,0 466,305,479,318,0 97,149,134,183,0 93,174,127,208,0 244,262,277,295,0 195,306,230,340,0 244,302,272,335,0 307,355,343,391,0 318,335,330,346,0 347,366,381,401,0 333,397,365,427,0 301,373,329,403,0 245,418,271,444,0 1,320,18,357,0 1,365,19,391,0 56,430,90,458,0 71,317,102,349,0 102,312,138,341,0 112,285,146,316,0 113,268,140,290,0 181,100,211,134,0 345,294,366,322,0
/home/jasper/Datasets/Day/JPEGImages/0162.jpg 349,108,390,149,0 436,132,469,169,0 458,165,489,201,0 475,235,512,278,0 306,144,345,182,0 324,199,360,236,0 293,302,303,314,0 347,332,381,366,0 294,366,306,378,0 201,406,233,440,0 159,402,194,434,0 197,437,221,460,0 158,119,197,156,0 103,118,143,154,0 111,36,142,64,0 77,329,112,359,0 81,369,112,401,0 29,381,64,419,0
/home/jasper/Datasets/Day/JPEGImages/0165.jpg 129,78,387,344,0 448,1,640,59,0
/home/jasper/Datasets/Day/JPEGImages/0166.jpg 1,1,434,431,0
/home/jasper/Datasets/Day/JPEGImages/0169.jpg 1,1,367,480,0
/home/jasper/Datasets/Day/JPEGImages/0170.jpg 1,1,309,480,0
/home/jasper/Datasets/Day/JPEGImages/0173.jpg 547,129,638,215,0 602,190,640,268,0
/home/jasper/Datasets/Day/JPEGImages/0174.jpg 549,132,637,217,0 602,165,640,269,0
/home/jasper/Datasets/Day/JPEGImages/0177.jpg 370,154,408,192,0 32,143,75,185,0 17,359,52,393,0 1,417,8,456,0 31,400,59,428,0 94,142,137,185,0 27,62,76,101,0 84,99,120,136,0 242,392,254,405,0 295,345,331,378,0 413,247,458,288,0
/home/jasper/Datasets/Day/JPEGImages/0178.jpg 573,25,621,67,0 100,351,140,392,0 176,395,189,407,0 156,154,189,190,0 587,316,625,353,0 581,355,617,389,0
/home/jasper/Datasets/Day/JPEGImages/0181.jpg 1,307,36,343,0 9,358,36,380,0 1,375,34,411,0 33,458,72,480,0 191,188,234,230,0 232,175,267,206,0 220,107,267,150,0 237,61,280,101,0 214,20,260,63,0 299,74,348,119,0 276,102,318,143,0 288,129,329,167,0 311,279,351,319,0 424,250,447,270,0 389,245,419,276,0 472,260,504,288,0 426,228,446,246,0 461,294,488,321,0 441,316,470,351,0 477,324,512,361,0 580,212,620,254,0 602,232,640,274,0 484,93,521,124,0 465,110,504,147,0 454,88,481,112,0 430,12,467,51,0 594,19,640,60,0 546,29,593,71,0 569,61,616,94,0 607,121,640,152,0 597,152,634,192,0
/home/jasper/Datasets/Day/JPEGImages/0182.jpg 176,60,227,115,0 204,107,252,152,0 241,1,290,19,0 283,120,328,167,0 250,150,291,191,0 276,176,310,218,0 189,158,233,206,0 157,241,205,290,0 193,226,233,267,0 237,223,271,256,0 295,346,340,393,0 411,287,454,332,0 471,325,510,360,0 464,157,502,195,0 480,140,519,175,0 442,130,477,163,0 398,100,434,140,0 370,19,421,74,0 368,1,426,19,0 413,1,454,47,0 418,53,461,90,0 599,57,640,107,0 550,71,596,116,0 575,99,616,135,0 609,126,640,158,0 606,173,640,204,0 590,272,634,319,0 617,288,640,341,0
/home/jasper/Datasets/Day/JPEGImages/0185.jpg 1,1,98,85,0 152,1,300,78,0 225,91,345,202,0 100,179,229,289,0 1,173,88,327,0 517,5,640,118,0 569,127,640,285,0 572,1,640,13,0
/home/jasper/Datasets/Day/JPEGImages/0186.jpg 287,209,338,255,0 302,251,346,284,0 546,199,562,210,0 516,364,538,383,0 190,368,217,396,0 165,288,190,307,0 101,295,124,312,0 139,224,167,253,0 78,219,111,248,0 53,224,81,250,0 53,195,87,225,0 66,174,103,200,0 113,104,141,141,0 43,189,64,205,0 20,164,54,195,0 1,144,18,178,0
/home/jasper/Datasets/Day/JPEGImages/0189.jpg 5,99,30,122,0 12,119,29,136,0 37,112,63,135,0 19,130,44,150,0 13,147,35,168,0 31,152,54,172,0 20,206,41,225,0 14,239,34,254,0 63,178,79,196,0 75,165,96,186,0 55,211,73,232,0 75,212,97,235,0 59,250,81,273,0 72,275,98,299,0 110,213,131,232,0 169,183,201,211,0 173,208,195,230,0 222,304,240,322,0 237,299,252,314,0 262,396,294,423,0 246,387,261,403,0 289,370,310,393,0 318,336,343,361,0 348,326,387,363,0 309,315,325,330,0 339,238,378,278,0
/home/jasper/Datasets/Day/JPEGImages/0190.jpg 72,14,118,57,0 117,246,156,280,0 89,291,123,322,0 125,287,148,315,0 110,317,144,347,0 139,393,172,430,0 1,458,10,473,0 302,143,348,187,0 340,121,389,168,0 333,62,379,108,0 399,47,451,99,0 358,1,417,52,0 386,131,440,179,0 422,80,467,126,0 436,16,500,66,0 581,2,628,41,0 617,254,640,294,0 591,293,621,326,0 607,327,640,374,0
/home/jasper/Datasets/Day/JPEGImages/0193.jpg 138,195,230,288,0 526,149,640,249,0 445,169,591,294,0 423,243,582,405,0 334,224,457,367,0 427,89,495,157,0
/home/jasper/Datasets/Day/JPEGImages/0194.jpg 18,155,152,279,0 265,187,448,385,0 395,169,640,419,0 453,71,637,243,0 559,78,640,224,0
/home/jasper/Datasets/Day/JPEGImages/0197.jpg 17,295,187,455,0 350,153,510,292,0 364,192,615,419,0
/home/jasper/Datasets/Day/JPEGImages/0198.jpg 300,1,456,136,0 290,389,462,480,0
/home/jasper/Datasets/Day/JPEGImages/0201.jpg 156,42,170,54,0 415,217,432,232,0 450,245,472,265,0 561,39,588,64,0 607,28,626,44,0 623,94,640,118,0 610,107,640,130,0 543,79,568,100,0
/home/jasper/Datasets/Day/JPEGImages/0202.jpg 319,1,336,18,0 332,9,358,31,0 373,40,399,66,0 308,64,327,82,0 328,157,349,177,0 328,126,355,152,0 202,217,218,235,0 229,240,244,258,0 350,356,371,375,0 379,106,409,133,0 462,96,498,128,0 456,126,483,150,0 548,260,568,279,0 504,311,523,333,0 458,337,486,357,0 476,361,511,386,0 569,344,600,364,0 620,350,640,373,0
/home/jasper/Datasets/Day/JPEGImages/0205.jpg 18,97,122,197,0 60,424,130,480,0 170,113,318,244,0 273,360,357,436,0 376,184,487,282,0 429,33,547,139,0
/home/jasper/Datasets/Day/JPEGImages/0206.jpg 1,99,154,254,0 140,194,283,344,0 98,328,221,436,0 325,289,450,417,0 390,339,615,480,0
/home/jasper/Datasets/Day/JPEGImages/0209.jpg 345,314,525,467,0 1,448,55,480,0
/home/jasper/Datasets/Day/JPEGImages/0210.jpg 1,190,77,420,0 122,194,336,410,0 386,208,587,383,0 539,261,640,440,0
/home/jasper/Datasets/Day/JPEGImages/0213.jpg 119,44,135,58,0 103,281,121,297,0 134,300,151,315,0 191,5,212,28,0 216,23,240,47,0 198,22,217,41,0 200,38,220,59,0 190,57,207,73,0 204,62,227,84,0 245,85,267,108,0 232,94,247,110,0 175,83,192,100,0 189,115,208,133,0 208,100,222,114,0 182,145,195,160,0 239,134,260,152,0 222,124,235,140,0 223,143,238,158,0 220,171,242,189,0 227,195,246,216,0 239,180,257,202,0 267,143,287,163,0 298,118,317,136,0 333,125,363,155,0 332,152,351,176,0 382,143,411,169,0 274,390,295,409,0 317,356,334,376,0 369,347,388,365,0 390,364,417,388,0 414,326,431,344,0 448,272,464,287,0 494,325,537,366,0 458,326,494,360,0 411,392,434,411,0 501,230,553,271,0 493,209,521,229,0 509,160,541,188,0 554,165,588,200,0
/home/jasper/Datasets/Day/JPEGImages/0214.jpg 42,246,72,274,0 1,248,19,271,0 47,273,71,293,0 121,369,137,383,0 94,247,119,269,0 222,268,258,303,0 202,254,227,280,0 237,199,279,238,0 242,354,279,388,0 439,122,493,171,0 476,111,519,146,0 552,107,590,148,0 509,23,558,78,0 574,18,640,73,0 585,46,640,103,0
/home/jasper/Datasets/Day/JPEGImages/0217.jpg 145,325,203,390,0 184,312,230,362,0 236,307,276,352,0 280,255,321,300,0 243,229,302,283,0 194,242,244,294,0 205,183,259,240,0 177,136,236,194,0 275,190,340,248,0 248,31,303,85,0 350,51,408,111,0 426,78,475,124,0 441,1,498,54,0 621,28,640,73,0 504,219,548,257,0 481,233,524,281,0 580,147,633,201,0 625,142,640,186,0 379,162,421,202,0 418,181,454,218,0 411,239,453,279,0 459,207,493,239,0 394,294,435,334,0
/home/jasper/Datasets/Day/JPEGImages/0218.jpg 227,80,305,155,0 96,237,192,330,0 141,310,231,404,0 194,385,301,471,0 262,317,365,398,0 380,98,491,200,0 531,38,621,120,0 508,153,598,236,0 427,265,506,335,0 468,321,548,381,0 91,390,203,477,0
/home/jasper/Datasets/Day/JPEGImages/0221.jpg 304,313,511,475,0 220,322,335,433,0 227,289,327,372,0 1,255,77,480,0
/home/jasper/Datasets/Day/JPEGImages/0222.jpg 1,187,172,480,0 95,348,366,480,0 431,318,589,457,0
/home/jasper/Datasets/Day/JPEGImages/0225.jpg 151,1,196,20,0 1,278,15,304,0 1,302,10,325,0 37,274,58,297,0 66,403,81,421,0 52,416,70,430,0 189,218,223,253,0 153,273,180,300,0 174,285,208,318,0 197,367,231,404,0 453,1,510,27,0 535,18,584,60,0 432,32,483,89,0 464,105,507,152,0 412,110,458,153,0 372,126,426,181,0
/home/jasper/Datasets/Day/JPEGImages/0226.jpg 1,5,7,51,0 1,148,46,194,0 295,276,343,330,0 333,256,374,304,0 383,247,430,295,0 344,186,398,237,0 351,129,404,186,0 331,81,388,136,0 328,179,368,231,0 388,1,443,36,0 521,1,587,53,0 591,29,640,69,0 530,105,573,148,0 544,133,607,187,0 617,184,640,230,0 537,243,565,275,0 587,321,618,359,0 48,418,95,462,0
/home/jasper/Datasets/Day/JPEGImages/0229.jpg 498,165,605,273,0 588,131,640,258,0 577,1,640,92,0
/home/jasper/Datasets/Day/JPEGImages/0230.jpg 3,185,29,212,0 98,185,125,210,0 79,199,109,227,0 44,206,71,234,0 21,203,46,228,0 9,219,34,240,0 1,225,12,245,0 85,234,121,263,0 57,242,84,268,0 16,306,35,332,0 103,253,137,278,0 134,243,170,274,0 120,271,152,297,0 116,296,141,322,0 140,295,176,324,0 112,322,136,346,0 149,358,175,382,0 154,400,180,423,0 189,325,219,356,0 220,304,257,342,0 192,368,223,396,0 210,384,237,412,0 214,403,243,432,0 240,372,273,401,0 286,372,326,408,0 205,194,252,233,0 426,329,495,395,0 277,58,333,105,0 351,342,386,380,0
/home/jasper/Datasets/Day/JPEGImages/0233.jpg 31,316,71,350,0 175,11,222,56,0 174,262,206,298,0 210,260,247,293,0 181,308,211,343,0 203,325,240,361,0 224,298,252,329,0 226,408,262,446,0 508,1,568,53,0 480,52,546,109,0 505,121,554,171,0 567,33,615,82,0 568,235,620,286,0
/home/jasper/Datasets/Day/JPEGImages/0234.jpg 283,219,325,261,0 238,305,282,353,0 256,347,298,394,0 244,402,297,452,0 310,371,357,413,0 368,1,402,22,0 412,69,458,111,0 384,152,426,192,0 366,218,422,268,0 442,177,483,218,0 427,238,472,280,0 408,300,447,342,0 429,330,460,361,0 468,344,498,374,0 512,345,548,375,0 495,368,528,399,0 588,290,626,331,0 562,278,607,319,0 601,260,640,303,0 575,178,618,217,0 561,107,607,151,0 531,101,568,135,0 557,74,590,108,0 521,39,567,79,0 465,72,506,114,0 549,1,597,39,0
/home/jasper/Datasets/Day/JPEGImages/0237.jpg 1,26,37,71,0 73,98,108,133,0 1,1,34,23,0 90,381,150,440,0 173,342,241,405,0 152,142,209,195,0 254,238,309,290,0 276,314,329,361,0 290,1,333,42,0 266,46,324,103,0 322,64,373,104,0 224,116,277,165,0 307,101,364,156,0 355,93,417,146,0 418,161,472,210,0 454,268,525,330,0 499,234,564,287,0 511,278,571,326,0 536,175,601,233,0 587,259,640,363,0
/home/jasper/Datasets/Day/JPEGImages/0238.jpg 224,25,302,92,0 104,131,200,215,0 1,191,75,258,0 1,415,79,480,0 1,378,11,422,0 162,391,234,455,0 248,124,322,192,0 247,247,311,310,0 306,254,369,312,0 384,258,443,312,0 373,312,428,358,0 459,239,522,294,0 428,277,510,341,0 595,1,640,50,0 549,50,630,124,0 499,105,573,176,0 532,107,610,180,0 146,31,206,86,0
/home/jasper/Datasets/Day/JPEGImages/0241.jpg 250,1,431,152,0 311,133,481,308,0 488,223,580,312,0 266,300,421,447,0
/home/jasper/Datasets/Day/JPEGImages/0242.jpg 223,1,474,116,0 311,100,551,339,0 213,328,442,478,0 504,280,640,397,0
/home/jasper/Datasets/Day/JPEGImages/0245.jpg 269,20,640,381,0 1,1,317,216,0
/home/jasper/Datasets/Day/JPEGImages/0246.jpg 44,1,374,179,0 330,24,640,310,0
/home/jasper/Datasets/Day/JPEGImages/0249.jpg 294,181,405,293,0 196,221,301,324,0 77,286,197,398,0 90,398,200,480,0 181,326,288,438,0 274,292,382,397,0 347,368,441,453,0 237,403,356,480,0 524,253,550,276,0 605,233,630,254,0
/home/jasper/Datasets/Day/JPEGImages/0250.jpg 141,379,160,396,0 407,166,422,179,0 427,201,444,217,0 569,72,592,92,0 603,37,628,58,0 615,105,640,130,0 611,152,640,177,0 597,174,623,198,0
/home/jasper/Datasets/Day/JPEGImages/0253.jpg 38,1,90,30,0 131,26,176,76,0 1,339,25,373,0 173,271,205,304,0 174,311,205,341,0 162,338,202,376,0 143,328,162,355,0 115,337,126,348,0 193,420,226,452,0 453,13,506,65,0 436,1,482,24,0 517,62,547,90,0 454,132,499,176,0 618,124,640,161,0 531,246,565,280,0
/home/jasper/Datasets/Day/JPEGImages/0254.jpg 1,9,27,53,0 25,148,74,197,0 74,398,120,452,0 394,1,440,38,0 336,87,388,141,0 361,133,408,181,0 372,236,418,288,0 414,163,452,203,0 451,348,492,389,0 527,231,562,269,0 566,315,599,348,0 615,352,640,379,0 602,181,640,217,0 627,166,640,202,0 522,104,560,142,0 537,125,573,163,0 581,31,618,68,0 518,5,574,52,0 606,1,640,23,0
/home/jasper/Datasets/Day/JPEGImages/0257.jpg 473,66,519,108,0 493,266,529,298,0 492,306,527,338,0 427,310,460,339,0 429,333,462,358,0 452,326,477,350,0 441,190,479,222,0 479,210,517,244,0 443,250,484,288,0 260,398,277,416,0 304,420,324,439,0 394,266,420,293,0 391,241,427,274,0 360,160,392,189,0 347,132,376,158,0 365,111,398,142,0 330,159,361,189,0 336,216,361,238,0 368,198,385,218,0 401,197,427,218,0 334,254,354,273,0 311,176,334,196,0 322,90,353,121,0 331,116,357,136,0 275,54,301,81,0 248,45,270,65,0 297,17,325,40,0 317,55,340,80,0 345,46,373,72,0 217,145,239,167,0 237,59,260,82,0 235,23,258,47,0 210,61,231,83,0 183,11,199,26,0 82,103,93,112,0
/home/jasper/Datasets/Day/JPEGImages/0258.jpg 343,183,358,199,0 365,216,383,232,0 476,382,495,394,0 97,425,115,442,0 537,362,558,382,0 479,79,501,96,0 507,43,530,64,0 540,40,564,60,0 560,1,595,25,0 546,1,566,8,0 606,50,638,80,0 574,43,594,62,0 541,81,563,98,0 521,105,547,126,0 522,146,552,171,0 536,169,558,189,0 514,170,538,193,0 568,106,594,128,0 594,128,629,158,0 568,162,603,190,0 569,198,587,214,0
/home/jasper/Datasets/Day/JPEGImages/0261.jpg 4,1,56,48,0 94,48,140,89,0 137,280,176,318,0 81,359,92,371,0 111,337,145,369,0 137,349,177,383,0 153,319,183,354,0 167,432,201,458,0 268,415,276,426,0 271,373,278,380,0 458,66,498,103,0 416,141,460,183,0 604,315,638,349,0 568,127,605,165,0 577,1,630,42,0 605,217,634,252,0 83,1,134,45,0 486,247,526,286,0
/home/jasper/Datasets/Day/JPEGImages/0262.jpg 1,452,36,480,0 212,162,248,198,0 248,90,290,134,0 338,37,367,64,0 369,58,397,88,0 402,80,433,108,0 439,89,473,122,0 418,107,459,144,0 372,224,415,264,0 337,228,374,272,0 343,152,381,186,0 369,180,407,222,0 424,258,462,292,0 412,285,445,319,0 434,321,471,357,0 401,322,430,351,0 377,374,411,412,0 416,384,448,408,0 317,408,348,435,0 320,377,347,406,0 182,401,190,407,0 542,14,591,56,0 501,26,545,69,0 598,1,640,42,0 591,85,634,126,0 551,105,597,145,0 625,171,640,212,0 537,210,573,250,0 559,227,603,267,0 572,333,610,366,0
/home/jasper/Datasets/Day/JPEGImages/0265.jpg 71,15,468,448,0 1,228,322,480,0
/home/jasper/Datasets/Day/JPEGImages/0266.jpg 1,1,399,480,0 1,1,364,151,0
/home/jasper/Datasets/Day/JPEGImages/0269.jpg 480,178,500,197,0 502,384,532,410,0 294,283,313,301,0 257,269,274,286,0 369,133,398,161,0 390,128,411,147,0 418,146,435,162,0 404,87,440,123,0 523,1,570,29,0 321,2,360,29,0 359,40,382,62,0 346,96,370,122,0 366,102,393,130,0 337,86,358,107,0 337,69,356,88,0 294,54,316,77,0 295,94,316,116,0 263,17,285,42,0 182,1,207,30,0
/home/jasper/Datasets/Day/JPEGImages/0270.jpg 474,295,514,334,0 438,296,474,330,0 412,309,431,327,0 450,257,464,269,0 375,337,406,360,0 359,321,384,343,0 365,371,388,399,0 480,199,524,240,0 473,172,498,201,0 532,130,574,169,0 326,102,357,132,0 325,130,347,152,0 269,122,286,139,0 139,279,154,295,0 109,262,123,276,0 226,175,248,194,0 241,173,261,191,0 215,150,238,171,0 236,114,260,134,0 246,65,270,90,0 232,78,248,94,0 194,96,211,112,0 182,126,201,144,0 209,43,230,64,0 195,38,210,56,0 204,20,223,39,0 220,4,243,28,0 201,4,221,21,0 194,1,216,8,0 124,24,141,41,0
/home/jasper/Datasets/Day/JPEGImages/0273.jpg 189,225,227,265,0 177,442,184,451,0 199,1,247,25,0 226,146,274,190,0 282,1,339,42,0 357,14,406,59,0 321,92,351,125,0 355,114,390,148,0 387,118,417,148,0 397,139,425,169,0 430,144,466,178,0 410,161,453,200,0 362,292,407,337,0 420,367,455,406,0 494,79,543,122,0 541,64,591,111,0 596,37,640,89,0 530,1,577,16,0 558,164,600,208,0 596,143,640,189,0 518,102,559,137,0 540,272,583,316,0 564,289,609,339,0
/home/jasper/Datasets/Day/JPEGImages/0274.jpg 168,76,224,138,0 200,281,260,332,0 141,397,197,449,0 274,106,343,169,0 325,218,386,284,0 367,132,425,187,0 393,40,454,105,0 411,270,457,317,0 438,298,492,356,0 466,286,514,332,0 586,64,640,125,0 609,187,640,247,0 580,219,633,276,0 616,266,640,326,0 588,1,640,20,0 314,3,375,52,0
/home/jasper/Datasets/Day/JPEGImages/0277.jpg 338,136,353,152,0 100,408,120,427,0 360,166,375,182,0 458,310,479,329,0 581,324,622,354,0 602,353,640,385,0 631,305,640,325,0 491,97,518,122,0 559,51,591,77,0 539,82,569,112,0 502,85,530,115,0 496,67,525,92,0 499,44,524,67,0 508,14,534,37,0 537,34,558,52,0 589,3,614,24,0 572,1,588,11,0 488,1,511,11,0 464,21,485,42,0
/home/jasper/Datasets/Day/JPEGImages/0278.jpg 438,93,484,139,0 515,1,572,46,0 519,318,565,361,0 382,338,391,348,0 398,297,405,305,0 189,346,224,381,0 161,366,188,393,0 165,266,200,300,0 151,238,182,267,0 181,201,214,231,0 43,246,73,270,0 1,252,22,280,0 1,277,20,304,0 85,378,101,392,0 69,388,88,403,0
/home/jasper/Datasets/Day/JPEGImages/0281.jpg 139,1,259,59,0 149,351,224,414,0 355,347,497,446,0 517,285,640,415,0 311,62,455,197,0
/home/jasper/Datasets/Day/JPEGImages/0282.jpg 359,1,585,115,0
/home/jasper/Datasets/Day/JPEGImages/0285.jpg 101,211,115,224,0 129,227,143,241,0 168,80,182,94,0 177,50,191,68,0 173,1,188,9,0 186,1,207,16,0 218,12,237,33,0 211,27,222,38,0 210,59,230,78,0 203,90,220,108,0 202,117,224,142,0 279,36,307,65,0 277,64,296,84,0 386,192,417,225,0 425,213,435,224,0 340,188,353,201,0 354,183,367,195,0 360,199,376,218,0 317,251,335,269,0 308,283,333,309,0 248,308,265,323,0 337,272,360,295,0 380,306,403,333,0 348,309,368,327,0 383,95,424,136,0 610,353,636,378,0
/home/jasper/Datasets/Day/JPEGImages/0286.jpg 111,283,145,316,0 81,205,119,238,0 5,188,29,211,0 63,413,87,436,0 83,388,105,409,0 64,379,80,397,0 141,396,168,422,0 282,44,325,90,0 350,339,389,380,0 411,343,438,371,0 452,352,484,378,0 440,384,460,407,0 516,362,550,392,0 510,261,544,295,0 516,102,552,136,0 562,1,618,29,0 548,12,610,67,0 475,3,524,40,0 599,368,615,382,0 497,326,522,349,0
/home/jasper/Datasets/Day/JPEGImages/0289.jpg 1,26,62,83,0 124,1,179,28,0 101,53,158,103,0 75,134,121,173,0 126,157,167,200,0 1,199,42,238,0 144,219,181,256,0 127,280,157,308,0 193,190,227,225,0 206,201,250,239,0 205,219,253,264,0 196,303,230,338,0 376,367,417,423,0 360,341,395,378,0 445,281,488,333,0 484,330,533,381,0 568,321,603,360,0 594,316,640,369,0 565,261,604,302,0 602,207,634,243,0 614,150,640,201,0 558,143,607,189,0 389,197,438,249,0 360,230,399,267,0 420,179,453,210,0 351,189,390,220,0 336,148,367,180,0 284,133,337,183,0 309,1,360,47,0 391,85,444,139,0 427,58,466,93,0
/home/jasper/Datasets/Day/JPEGImages/0290.jpg 263,1,339,63,0 1,1,73,33,0 1,73,29,146,0 3,204,56,271,0 23,294,74,355,0 1,379,19,435,0 104,274,169,331,0 90,251,153,308,0 108,294,181,361,0 227,171,300,245,0 304,194,353,244,0 308,248,376,309,0 332,303,395,374,0 374,271,449,343,0 400,239,469,300,0 378,109,459,187,0 315,85,379,147,0 623,180,640,267,0
/home/jasper/Datasets/Day/JPEGImages/0293.jpg 1,1,91,182,0 1,169,81,358,0 155,193,317,348,0 316,205,523,397,0 40,1,236,173,0
/home/jasper/Datasets/Day/JPEGImages/0294.jpg 57,1,252,155,0 1,22,82,121,0 21,82,160,218,0 88,136,222,273,0 191,1,338,122,0 232,165,380,290,0 393,177,548,308,0 434,350,546,431,0
/home/jasper/Datasets/Day/JPEGImages/0297.jpg 126,309,144,328,0 351,81,364,95,0 369,108,385,122,0 457,237,475,254,0 494,20,516,44,0 605,137,621,154,0 622,138,639,153,0 569,207,591,230,0 576,227,612,257,0 548,259,577,284,0 590,262,614,290,0 587,303,617,333,0 622,325,640,357,0
/home/jasper/Datasets/Day/JPEGImages/0298.jpg 141,1,162,10,0 137,8,153,26,0 79,7,93,21,0 150,14,170,32,0 182,32,200,48,0 174,45,189,58,0 243,52,268,78,0 243,77,264,96,0 141,68,156,83,0 179,75,193,89,0 133,98,147,112,0 157,108,172,124,0 170,137,189,153,0 69,234,83,246,0 96,248,112,261,0 222,323,238,338,0 352,114,380,143,0 310,200,322,214,0 324,195,337,207,0 354,197,386,229,0 294,262,311,281,0 282,293,304,316,0 302,281,326,304,0 348,309,377,339,0 569,328,603,360,0 598,364,640,402,0
/home/jasper/Datasets/Day/JPEGImages/0301.jpg 1,1,50,38,0 1,37,36,76,0 41,55,72,93,0 101,90,136,121,0 93,83,119,114,0 102,106,142,144,0 52,102,91,139,0 20,144,61,175,0 103,178,132,206,0 21,233,53,268,0 20,336,60,368,0 25,408,67,448,0 112,380,147,410,0 72,382,103,414,0 167,377,207,417,0 142,299,174,330,0 168,35,202,78,0 208,53,238,79,0 238,87,281,128,0 275,82,302,109,0 224,116,258,144,0 292,161,329,200,0 238,223,278,263,0 286,209,317,239,0 318,268,347,295,0 325,300,359,333,0 310,366,332,395,0 303,426,316,438,0 241,430,252,440,0 402,375,428,403,0 405,288,441,329,0 417,350,451,385,0 404,230,434,266,0 425,247,455,282,0 391,188,416,224,0 402,182,439,224,0 381,126,417,167,0 401,88,437,128,0 419,50,460,92,0 373,44,413,82,0 474,190,515,234,0 491,236,522,265,0 468,247,502,281,0 486,345,533,386,0 251,9,279,42,0
/home/jasper/Datasets/Day/JPEGImages/0302.jpg 69,1,116,15,0 120,1,182,35,0 176,33,215,68,0 141,79,199,138,0 30,298,81,342,0 27,269,80,321,0 1,309,35,360,0 36,307,96,362,0 41,405,79,444,0 122,226,178,284,0 178,239,229,279,0 190,276,238,320,0 216,302,282,361,0 199,337,244,378,0 263,269,317,321,0 295,385,347,441,0 418,238,474,295,0 480,239,543,303,0 455,300,509,351,0 474,124,517,168,0 274,141,317,186,0 239,177,286,233,0
/home/jasper/Datasets/Day/JPEGImages/0305.jpg 276,1,465,101,0 111,358,225,462,0 353,338,515,451,0
/home/jasper/Datasets/Day/JPEGImages/0306.jpg 323,12,430,110,0 511,202,640,339,0
/home/jasper/Datasets/Day/JPEGImages/0309.jpg 81,1,96,18,0 86,22,105,38,0 74,16,88,30,0 22,19,37,33,0 82,75,96,89,0 115,37,123,48,0 112,48,121,58,0 75,103,89,117,0 110,136,128,153,0 139,113,156,128,0 171,48,192,69,0 172,72,188,85,0 18,239,32,252,0 46,253,61,265,0 208,189,219,201,0 272,168,298,196,0 259,86,287,115,0 251,180,267,197,0 217,290,230,303,0 216,270,240,293,0 283,276,305,302,0 299,260,315,274,0 257,285,277,305,0 438,118,450,130,0 462,284,505,328,0 446,362,486,400,0 559,332,598,366,0 521,297,561,332,0 515,209,553,252,0
/home/jasper/Datasets/Day/JPEGImages/0310.jpg 119,59,160,98,0 1,298,22,331,0 46,414,62,429,0 28,414,53,437,0 1,458,16,472,0 68,361,81,378,0 152,242,162,252,0 210,325,248,361,0 217,398,251,432,0 289,323,317,350,0 250,310,282,342,0 232,256,260,285,0 221,292,247,317,0 180,1,221,32,0 226,168,255,195,0 237,64,279,99,0 267,12,312,50,0 329,1,369,38,0 330,16,379,64,0 325,103,352,137,0 335,242,364,272,0 347,329,386,373,0 253,407,272,425,0 297,429,319,448,0 367,399,396,422,0 430,348,445,362,0 538,295,579,337,0 448,182,493,231,0 508,168,558,210,0 541,121,590,168,0 489,11,553,64,0 462,46,500,83,0 546,2,598,45,0 515,378,559,407,0
/home/jasper/Datasets/Day/JPEGImages/0313.jpg 82,1,183,85,0 37,232,137,329,0 141,255,226,330,0 157,327,242,409,0 189,371,326,480,0 272,322,376,412,0 295,67,419,176,0 228,148,344,256,0
/home/jasper/Datasets/Day/JPEGImages/0314.jpg 15,172,158,306,0 315,4,479,128,0 293,65,432,204,0 162,218,262,309,0 167,312,288,395,0 198,353,420,480,0 343,299,458,414,0
/home/jasper/Datasets/Day/JPEGImages/0317.jpg 1,190,216,415,0 1,405,134,480,0 289,1,598,110,0 415,346,621,457,0
/home/jasper/Datasets/Day/JPEGImages/0318.jpg 301,1,621,99,0 1,178,258,397,0 1,370,254,480,0 392,349,640,480,0
/home/jasper/Datasets/Day/JPEGImages/0321.jpg 1,217,46,296,0 1,55,26,136,0 31,244,108,316,0 1,395,65,471,0 112,231,199,318,0 205,312,302,408,0 299,244,398,332,0 254,245,342,317,0 310,277,425,376,0 402,25,537,135,0 514,23,628,136,0
/home/jasper/Datasets/Day/JPEGImages/0322.jpg 1,414,22,435,0 1,442,27,468,0 371,130,461,209,0 438,1,555,47,0
/home/jasper/Datasets/Day/JPEGImages/0325.jpg 16,125,41,150,0 43,119,75,144,0 19,147,38,166,0 1,196,20,215,0 114,145,142,172,0 164,170,195,196,0 135,222,165,254,0 68,266,83,282,0 45,403,66,423,0 92,371,109,385,0 94,337,118,359,0 112,319,131,336,0 137,347,159,365,0 163,332,188,357,0 181,322,195,338,0 279,1,322,38,0 332,292,368,330,0 330,362,364,402,0 363,372,387,397,0 384,392,415,421,0 476,326,521,373,0 377,286,411,319,0 418,311,448,338,0 364,218,398,251,0 349,262,377,288,0 389,240,419,269,0 368,116,409,162,0 497,62,535,103,0 532,1,589,20,0 477,225,517,258,0 504,208,538,249,0 567,328,583,341,0 304,300,327,324,0
/home/jasper/Datasets/Day/JPEGImages/0326.jpg 67,36,108,71,0 10,107,50,145,0 121,360,159,399,0 131,321,157,347,0 139,287,168,316,0 169,338,197,369,0 204,347,233,374,0 264,343,296,385,0 289,350,304,367,0 284,407,315,438,0 339,380,351,392,0 233,255,269,297,0 250,249,284,276,0 124,196,158,228,0 157,189,196,225,0 220,136,244,166,0 217,55,260,100,0 214,43,251,73,0 214,34,245,58,0 162,1,196,35,0 171,59,200,92,0 132,106,170,143,0 286,1,325,28,0 338,1,369,28,0 340,33,373,64,0 352,42,401,94,0 342,82,379,122,0 400,26,441,65,0 340,196,383,238,0 407,139,448,182,0 396,182,432,222,0 424,248,454,281,0 432,292,464,330,0 400,291,430,317,0 599,1,640,56,0 534,134,566,165,0 529,177,555,210,0 538,167,589,215,0 532,219,573,260,0 555,247,594,292,0 533,293,568,332,0
/home/jasper/Datasets/Day/JPEGImages/0329.jpg 55,50,160,160,0 1,180,72,264,0 1,238,84,314,0 1,264,117,373,0 1,326,87,407,0 135,236,218,312,0 500,172,613,278,0 484,1,560,59,0
/home/jasper/Datasets/Day/JPEGImages/0330.jpg 445,1,600,116,0 334,304,446,402,0 1,351,105,480,0 1,23,80,205,0
/home/jasper/Datasets/Day/JPEGImages/0333.jpg 134,165,146,178,0 157,180,171,195,0 266,261,281,278,0 387,135,419,168,0 330,206,355,235,0 317,232,336,256,0 351,253,368,271,0 378,250,402,275,0 399,225,411,240,0 438,185,453,199,0 588,301,640,348,0 566,276,600,313,0 387,30,429,75,0 302,15,320,31,0 303,1,319,17,0 229,73,248,89,0 262,55,279,74,0 200,34,216,49,0 209,7,224,23,0 240,12,254,28,0
/home/jasper/Datasets/Day/JPEGImages/0334.jpg 233,10,277,54,0 69,164,102,194,0 3,144,33,170,0 97,242,126,271,0 27,295,41,311,0 60,332,88,359,0 56,362,79,384,0 9,435,27,453,0 117,354,150,383,0 298,298,333,336,0 274,309,295,332,0 302,369,333,404,0 292,398,315,423,0 333,376,359,400,0 352,396,383,422,0 382,310,411,338,0 346,292,376,323,0 437,319,482,368,0 525,330,541,344,0 584,176,637,235,0 434,217,472,261,0 468,1,523,28,0 443,73,478,108,0 310,226,365,284,0
/home/jasper/Datasets/Day/JPEGImages/0337.jpg 229,122,346,233,0
/home/jasper/Datasets/Day/JPEGImages/0338.jpg 1,118,136,240,0 145,341,314,480,0
/home/jasper/Datasets/Day/JPEGImages/0341.jpg 471,202,513,243,0 439,203,468,228,0 451,273,489,311,0 433,300,457,327,0 518,209,557,243,0 551,242,591,280,0 612,282,640,331,0 511,347,551,388,0 505,324,536,352,0 491,300,516,321,0 464,331,492,352,0 466,341,495,370,0 204,419,224,438,0 226,235,246,255,0 125,164,140,179,0 102,150,114,163,0 318,199,344,224,0 355,199,364,212,0 311,211,325,229,0 272,219,286,232,0 287,174,302,197,0 267,187,291,208,0 276,121,290,135,0 319,86,346,115,0 188,54,204,71,0 202,54,215,71,0 220,30,235,48,0 178,23,193,39,0 161,19,177,35,0 171,1,197,12,0 216,4,232,23,0
/home/jasper/Datasets/Day/JPEGImages/0342.jpg 1,148,19,175,0 9,101,36,126,0 15,223,46,252,0 49,328,76,354,0 30,342,51,364,0 48,369,64,385,0 5,390,21,404,0 1,344,11,364,0 2,322,20,342,0 113,1,153,38,0 189,263,222,296,0 175,264,197,294,0 191,329,226,362,0 190,356,216,383,0 190,109,221,141,0 283,48,322,82,0 299,1,337,9,0 224,2,269,30,0 303,192,333,218,0 305,269,344,315,0 334,269,360,295,0 221,251,248,281,0 252,266,276,290,0 227,342,258,369,0 223,375,246,393,0 229,386,254,415,0 259,365,287,392,0 265,384,289,409,0 322,344,350,373,0 301,407,340,442,0 317,380,351,409,0 377,337,392,353,0 380,348,396,366,0 424,1,470,16,0 410,1,439,21,0 396,138,431,186,0 483,73,531,116,0 455,124,502,171,0 600,144,640,184,0 603,204,640,244,0 560,276,607,324,0 469,249,515,300,0 430,298,469,348,0
/home/jasper/Datasets/Day/JPEGImages/0345.jpg 211,142,308,230,0 1,355,57,436,0 258,348,355,446,0 1,167,44,248,0
/home/jasper/Datasets/Day/JPEGImages/0346.jpg 391,121,433,160,0 419,224,463,262,0 451,360,484,390,0 359,339,384,364,0 364,305,384,326,0 383,327,406,349,0 298,376,317,391,0 160,306,174,319,0 126,294,143,308,0 207,194,228,210,0 223,189,240,205,0 266,122,288,142,0 236,168,255,183,0 261,99,287,122,0 191,97,202,110,0 194,110,205,123,0 165,166,181,182,0 164,132,174,143,0 167,138,179,151,0 184,143,198,156,0 158,85,178,103,0 143,83,159,98,0 144,66,165,84,0 156,52,179,70,0 131,40,152,59,0 139,55,154,68,0 94,93,109,106,0 115,23,133,39,0 97,31,116,45,0 80,33,96,48,0 95,7,114,24,0 138,12,155,29,0
/home/jasper/Datasets/Day/JPEGImages/0349.jpg 183,57,293,166,0 147,219,251,322,0 315,326,391,404,0
/home/jasper/Datasets/Day/JPEGImages/0350.jpg 264,146,319,201,0 231,12,296,74,0 20,41,90,106,0 1,183,42,226,0 1,194,58,250,0 1,224,37,270,0 66,175,114,216,0 100,276,146,331,0 32,365,80,415,0 103,324,155,380,0 242,244,288,302,0 246,313,298,365,0 270,365,314,410,0 371,360,420,406,0 631,162,640,205,0
/home/jasper/Datasets/Day/JPEGImages/0003.jpg 48,146,137,224,0 1,290,96,387,0
/home/jasper/Datasets/Day/JPEGImages/0007.jpg 301,99,321,122,0 317,114,340,134,0 332,134,348,156,0 339,41,371,72,0 211,1,223,12,0 424,46,472,97,0 535,1,570,32,0 503,97,537,127,0 444,110,497,157,0 442,151,474,180,0 535,340,576,376,0 549,322,577,349,0 617,175,640,227,0 563,188,627,239,0 579,30,621,80,0
/home/jasper/Datasets/Day/JPEGImages/0011.jpg 1,61,11,78,0 1,76,8,93,0 35,53,54,75,0 85,133,104,153,0 69,199,82,213,0 54,123,75,143,0 131,17,160,44,0 155,8,177,31,0 119,1,149,10,0 208,11,238,40,0 234,38,266,62,0 235,1,265,20,0 296,59,326,84,0 228,106,258,139,0 231,131,258,154,0 211,135,233,157,0 216,155,242,183,0 126,67,147,86,0 97,102,114,121,0 129,177,156,206,0 195,251,216,273,0 211,239,233,261,0 191,324,215,347,0 281,269,304,290,0 284,151,313,179,0 327,237,350,259,0 348,204,371,225,0 419,60,457,96,0 480,85,517,120,0 413,289,442,318,0 242,190,265,212,0 147,212,171,233,0
/home/jasper/Datasets/Day/JPEGImages/0015.jpg 266,293,397,422,0
/home/jasper/Datasets/Day/JPEGImages/0019.jpg 365,1,434,28,0 407,71,484,151,0 89,339,181,419,0 219,327,283,370,0
/home/jasper/Datasets/Day/JPEGImages/0023.jpg 14,154,84,229,0 71,104,131,155,0 144,206,208,273,0 112,255,171,306,0 229,196,291,254,0 280,178,336,230,0 265,354,340,418,0 1,309,70,380,0 1,355,73,406,0 1,407,19,465,0 90,361,152,423,0 130,406,188,459,0 186,413,230,457,0 198,429,259,480,0 444,314,490,356,0 541,342,600,384,0
/home/jasper/Datasets/Day/JPEGImages/0027.jpg 460,44,485,66,0 171,7,211,40,0 11,4,53,35,0 135,67,174,102,0 34,81,85,128,0 1,230,32,267,0 1,269,37,304,0 115,309,142,332,0 132,314,161,344,0 182,344,215,374,0
/home/jasper/Datasets/Day/JPEGImages/0031.jpg 361,207,427,265,0 424,304,501,377,0 38,46,103,122,0 155,1,201,23,0
/home/jasper/Datasets/Day/JPEGImages/0035.jpg 115,71,192,143,0 86,201,170,282,0 55,292,134,371,0 207,412,263,461,0 406,308,476,371,0
/home/jasper/Datasets/Day/JPEGImages/0039.jpg 205,89,259,143,0 93,70,172,148,0 346,151,403,207,0
/home/jasper/Datasets/Day/JPEGImages/0043.jpg 19,35,44,62,0 54,54,85,78,0 30,70,55,99,0 27,111,54,136,0 28,147,49,167,0 1,159,19,187,0 19,175,39,199,0 70,151,91,175,0 107,57,132,80,0 145,39,164,66,0 158,74,180,98,0 201,92,230,117,0 109,164,137,190,0 135,145,161,167,0 136,166,165,192,0 31,228,57,253,0 47,261,72,285,0 90,415,113,439,0 106,371,130,399,0 138,391,163,413,0 141,338,162,361,0 136,317,156,336,0 153,297,173,317,0 124,281,149,304,0 104,287,129,314,0 123,196,151,223,0 160,220,185,245,0 147,230,170,253,0 194,173,223,206,0 199,292,224,316,0 234,257,261,288,0 224,339,255,367,0 264,351,295,381,0 280,152,312,186,0 556,44,613,103,0 507,117,544,152,0 573,229,601,253,0 568,262,598,291,0
/home/jasper/Datasets/Day/JPEGImages/0047.jpg 80,51,181,143,0 242,318,355,409,0 619,132,640,226,0
/home/jasper/Datasets/Day/JPEGImages/0051.jpg 157,216,178,234,0 537,274,558,294,0 630,51,640,70,0
/home/jasper/Datasets/Day/JPEGImages/0055.jpg 295,130,333,168,0 281,201,321,245,0 257,261,298,302,0 330,371,373,410,0 26,343,68,380,0 56,381,92,411,0 118,380,148,411,0 46,264,85,307,0 1,86,37,127,0 1,112,14,146,0 451,267,490,306,0 616,198,640,246,0 606,113,640,148,0
/home/jasper/Datasets/Day/JPEGImages/0059.jpg 314,128,471,283,0 286,40,368,114,0
/home/jasper/Datasets/Day/JPEGImages/0063.jpg 338,38,640,328,0
/home/jasper/Datasets/Day/JPEGImages/0067.jpg 493,108,640,262,0 484,21,547,85,0
/home/jasper/Datasets/Day/JPEGImages/0071.jpg 12,22,45,54,0 79,41,114,70,0 100,1,147,44,0 176,1,212,39,0 7,123,39,153,0 23,120,53,151,0 48,96,69,120,0 92,93,121,120,0 91,166,123,199,0 22,230,53,263,0 27,257,54,282,0 9,288,43,316,0 58,307,87,336,0 21,378,50,401,0 3,390,30,418,0 47,434,70,457,0 37,415,61,436,0 51,386,77,409,0 113,373,148,401,0 98,254,132,287,0 153,334,185,364,0 206,423,236,449,0 178,292,206,321,0 154,257,177,281,0 160,191,190,213,0 150,161,177,188,0 171,150,198,175,0 201,216,233,244,0 224,258,245,281,0 260,351,282,373,0 227,145,256,176,0 276,264,299,288,0 491,12,539,61,0 455,96,507,146,0 416,163,461,203,0 487,287,523,323,0 492,247,518,273,0
/home/jasper/Datasets/Day/JPEGImages/0075.jpg 293,101,369,193,0 314,200,500,386,0
/home/jasper/Datasets/Day/JPEGImages/0079.jpg 351,92,421,160,0 425,139,597,306,0
/home/jasper/Datasets/Day/JPEGImages/0083.jpg 186,70,222,107,0 150,188,181,218,0 26,207,53,234,0 30,391,59,423,0 22,290,58,322,0 223,261,258,296,0 332,193,369,228,0 502,106,544,150,0 473,134,512,170,0 464,6,504,40,0 513,225,545,259,0 474,266,499,291,0 493,299,527,330,0 476,310,511,346,0 395,348,428,377,0
/home/jasper/Datasets/Day/JPEGImages/0087.jpg 6,69,50,103,0 68,264,106,298,0 75,290,104,320,0 69,450,105,480,0 53,421,76,445,0 180,194,207,224,0 256,342,287,376,0 217,398,249,432,0 330,107,368,146,0 311,135,345,171,0 365,229,391,255,0 340,297,375,328,0 329,313,363,343,0 319,269,344,289,0 377,298,407,330,0 380,344,412,380,0 322,386,335,397,0 514,92,553,127,0 562,117,602,156,0 509,151,550,191,0 533,206,569,243,0 516,317,551,357,0 316,59,350,96,0
/home/jasper/Datasets/Day/JPEGImages/0091.jpg 7,67,48,104,0 177,197,208,230,0 73,267,104,296,0 81,291,112,323,0 70,450,108,480,0 107,398,142,430,0 316,134,351,171,0 338,108,374,148,0 356,92,384,119,0 217,400,250,433,0 258,345,293,381,0 263,383,293,414,0 323,383,332,394,0 383,346,417,381,0 329,302,365,344,0 345,301,370,325,0 323,264,351,290,0 365,230,396,256,0 305,5,327,29,0 1,202,21,225,0 528,91,558,126,0 570,120,609,157,0 513,153,554,190,0 535,208,574,242,0 521,321,555,357,0
/home/jasper/Datasets/Day/JPEGImages/0095.jpg 258,3,420,156,0 184,121,310,236,0 359,157,460,266,0
/home/jasper/Datasets/Day/JPEGImages/0099.jpg 318,1,595,123,0
/home/jasper/Datasets/Day/JPEGImages/0103.jpg 68,1,263,196,0 291,1,459,111,0
/home/jasper/Datasets/Day/JPEGImages/0107.jpg 7,26,27,43,0 17,38,33,55,0 28,1,55,15,0 53,1,77,23,0 93,9,117,28,0 64,34,87,49,0 89,50,106,66,0 81,67,91,83,0 84,86,93,99,0 66,81,74,94,0 105,227,117,239,0 96,229,104,239,0 153,70,182,92,0 187,41,208,63,0 218,1,250,20,0 263,1,296,23,0 300,1,327,22,0 296,30,339,70,0 288,77,322,109,0 208,101,249,139,0 244,143,277,170,0 253,168,278,193,0 171,153,190,169,0 168,172,184,190,0 198,174,212,190,0 124,136,142,155,0 342,156,378,192,0 320,172,355,206,0 354,281,382,308,0 374,213,398,236,0 397,188,424,213,0 397,240,421,263,0 406,308,433,338,0 350,378,370,397,0 451,166,505,210,0 349,58,396,95,0 345,96,381,125,0 516,94,583,157,0 615,277,640,333,0 522,253,583,299,0
/home/jasper/Datasets/Day/JPEGImages/0111.jpg 1,1,229,155,0 205,194,364,341,0 460,236,631,389,0
/home/jasper/Datasets/Day/JPEGImages/0115.jpg 102,94,256,233,0 246,8,372,113,0 304,142,440,272,0
/home/jasper/Datasets/Day/JPEGImages/0119.jpg 153,312,191,352,0 19,396,63,441,0 26,433,63,465,0 324,239,369,282,0 378,237,426,286,0 397,353,435,390,0 316,75,353,116,0 335,141,363,172,0 591,186,635,235,0 577,260,628,310,0 612,334,640,379,0
/home/jasper/Datasets/Day/JPEGImages/0123.jpg 314,211,468,356,0 492,100,622,233,0
/home/jasper/Datasets/Day/JPEGImages/0127.jpg 4,11,35,43,0 5,94,31,120,0 19,136,47,161,0 102,1,159,25,0 74,1,100,24,0 127,20,166,56,0 102,32,147,68,0 82,161,122,193,0 71,36,106,69,0 88,187,117,210,0 116,197,157,231,0 123,229,158,259,0 189,1,248,37,0 138,123,181,158,0 211,203,253,237,0 191,220,233,259,0 243,249,274,282,0 297,185,359,240,0 341,123,398,171,0 292,345,336,389,0 242,333,270,359,0 376,277,422,320,0 539,323,605,376,0 527,288,580,328,0 550,155,612,219,0
/home/jasper/Datasets/Day/JPEGImages/0131.jpg 204,1,360,111,0 342,108,441,196,0 348,229,466,347,0 181,209,320,331,0
/home/jasper/Datasets/Day/JPEGImages/0135.jpg 25,1,252,201,0 275,1,469,115,0 580,323,640,441,0
/home/jasper/Datasets/Day/JPEGImages/0139.jpg 88,45,128,83,0 50,171,81,203,0 146,275,177,302,0 244,182,275,213,0 269,390,303,429,0 250,427,264,444,0 316,334,345,370,0 316,376,348,407,0 367,302,379,314,0 382,370,393,383,0 385,123,426,159,0 424,76,459,106,0 436,124,474,157,0 440,225,471,256,0 442,348,477,383,0 593,330,633,369,0 624,207,640,252,0 602,150,640,191,0 622,82,640,120,0
/home/jasper/Datasets/Day/JPEGImages/0143.jpg 75,1,270,145,0 352,78,479,211,0
/home/jasper/Datasets/Day/JPEGImages/0147.jpg 210,126,330,232,0 224,1,330,44,0 368,151,464,255,0
/home/jasper/Datasets/Day/JPEGImages/0151.jpg 18,77,62,112,0 1,194,21,228,0 79,271,113,301,0 80,297,113,330,0 58,429,95,466,0 185,201,218,230,0 222,404,257,443,0 261,350,297,383,0 305,329,317,342,0 326,391,336,405,0 313,141,351,176,0 354,104,382,128,0 366,146,396,182,0 516,158,556,198,0 568,126,608,162,0 523,98,559,135,0 537,214,575,249,0 523,325,559,365,0 539,348,574,378,0
/home/jasper/Datasets/Day/JPEGImages/0155.jpg 316,229,408,319,0 509,280,612,383,0 218,301,307,389,0 239,163,312,244,0
/home/jasper/Datasets/Day/JPEGImages/0159.jpg 115,124,133,139,0 434,129,449,142,0 593,124,624,155,0 563,168,591,195,0 561,303,591,329,0
/home/jasper/Datasets/Day/JPEGImages/0163.jpg 247,254,311,317,0 308,315,381,389,0 225,362,304,445,0 464,348,523,409,0
/home/jasper/Datasets/Day/JPEGImages/0167.jpg 1,1,491,480,0
/home/jasper/Datasets/Day/JPEGImages/0171.jpg 1,135,260,480,0
/home/jasper/Datasets/Day/JPEGImages/0175.jpg 556,129,640,216,0 607,154,640,267,0
/home/jasper/Datasets/Day/JPEGImages/0179.jpg 176,36,224,80,0 1,419,29,453,0 4,450,32,478,0 74,400,104,424,0 245,358,278,393,0 286,377,318,407,0 280,306,309,336,0 251,78,295,122,0 500,183,544,230,0 541,166,584,205,0 564,109,611,151,0 575,61,611,100,0 560,22,611,65,0 589,164,624,196,0 616,278,640,323,0
/home/jasper/Datasets/Day/JPEGImages/0183.jpg 216,1,296,42,0 141,101,206,167,0 175,160,241,224,0 236,212,294,277,0 248,163,302,209,0 287,177,343,231,0 268,250,317,300,0 174,238,221,287,0 218,307,263,360,0 108,325,172,400,0 164,309,216,372,0 375,1,429,47,0 408,1,490,43,0 469,37,517,79,0 404,51,476,118,0 463,83,529,145,0 399,201,447,254,0 546,204,600,249,0 490,185,534,232,0 516,218,571,273,0 409,290,445,331,0
/home/jasper/Datasets/Day/JPEGImages/0187.jpg 63,80,77,94,0 337,231,355,247,0 376,255,395,276,0 443,72,468,92,0 454,29,488,52,0 494,2,519,22,0 508,78,539,110,0 515,34,546,57,0 512,59,541,82,0 577,37,605,61,0 538,98,573,124,0 618,58,640,98,0 614,105,640,144,0 537,136,572,171,0 574,110,600,140,0 591,193,616,214,0
/home/jasper/Datasets/Day/JPEGImages/0191.jpg 1,300,34,333,0 1,365,40,398,0 4,339,33,366,0 36,448,75,480,0 191,180,236,222,0 226,161,265,196,0 212,110,253,142,0 232,53,276,96,0 209,9,255,53,0 302,64,346,109,0 274,95,313,133,0 296,121,332,161,0 271,160,294,193,0 434,1,472,37,0 412,47,447,81,0 458,76,487,109,0 487,83,522,114,0 472,100,510,138,0 603,6,640,54,0 550,18,601,64,0 581,47,618,82,0 615,111,640,157,0 588,207,623,252,0 609,226,640,267,0 474,254,506,288,0 458,289,487,319,0 476,321,515,357,0 444,325,469,351,0 419,222,455,261,0 390,1,434,23,0
/home/jasper/Datasets/Day/JPEGImages/0195.jpg 1,132,117,289,0
/home/jasper/Datasets/Day/JPEGImages/0199.jpg 157,197,261,297,0 1,1,38,42,0
/home/jasper/Datasets/Day/JPEGImages/0203.jpg 194,15,241,59,0 224,57,264,93,0 211,98,259,146,0 254,88,303,135,0 290,65,333,111,0 284,125,318,163,0 181,185,226,223,0 216,160,252,194,0 251,157,284,187,0 32,450,69,480,0 1,367,33,402,0 10,347,40,372,0 1,305,30,338,0 372,35,432,90,0 434,313,469,347,0 466,319,504,354,0 456,283,486,315,0 462,256,499,283,0 410,223,451,262,0 376,234,409,273,0 474,86,509,118,0 455,104,492,140,0 445,81,476,111,0 581,11,630,54,0 533,25,581,67,0 561,44,606,84,0 599,108,636,144,0 597,130,627,162,0 573,208,612,252,0 597,225,637,268,0 603,325,640,368,0
/home/jasper/Datasets/Day/JPEGImages/0207.jpg 1,1,52,179,0 64,125,226,304,0 1,288,187,475,0 295,257,443,407,0 434,302,640,465,0 376,360,493,458,0
/home/jasper/Datasets/Day/JPEGImages/0211.jpg 1,292,243,480,0 1,179,23,287,0 3,257,91,329,0 544,271,640,364,0 371,303,434,356,0
/home/jasper/Datasets/Day/JPEGImages/0215.jpg 1,43,43,88,0 52,278,87,309,0 17,320,46,357,0 42,342,84,377,0 79,424,115,462,0 258,1,310,41,0 283,32,333,81,0 276,83,318,126,0 237,168,277,210,0 266,145,306,183,0 307,135,346,177,0 341,101,383,143,0 326,79,365,121,0 355,45,404,89,0 454,8,489,45,0 477,29,515,63,0 516,60,553,92,0 559,68,600,105,0 534,87,579,125,0 450,183,480,217,0 476,215,506,258,0 526,252,566,286,0 491,311,532,350,0 525,322,568,362,0 506,283,544,323,0
/home/jasper/Datasets/Day/JPEGImages/0219.jpg 207,1,323,79,0 500,1,640,87,0 1,169,115,336,0 14,306,190,480,0 294,333,423,451,0 233,315,331,409,0 531,240,640,355,0 568,334,640,393,0
/home/jasper/Datasets/Day/JPEGImages/0223.jpg 259,346,275,364,0 485,278,505,296,0 470,240,503,271,0 469,199,507,231,0 461,147,491,175,0 446,6,491,47,0 417,268,445,293,0 431,254,454,280,0 408,243,434,268,0 429,190,455,215,0 424,126,457,160,0 392,142,412,160,0 390,194,410,212,0 379,184,404,203,0 387,211,412,233,0 333,203,353,223,0 337,166,358,187,0 362,147,384,165,0 354,105,384,132,0 330,97,355,121,0 341,78,368,102,0 359,55,387,82,0 319,37,348,64,0 327,53,356,78,0 312,132,330,147,0 226,96,246,116,0 279,3,308,33,0 243,12,267,33,0 221,12,241,33,0
/home/jasper/Datasets/Day/JPEGImages/0227.jpg 379,297,450,362,0 345,277,408,343,0 382,203,457,283,0 359,135,437,212,0 438,17,506,76,0 331,375,408,427,0 304,188,360,244,0
/home/jasper/Datasets/Day/JPEGImages/0231.jpg 353,290,371,309,0 444,141,468,164,0 485,148,510,173,0 498,108,526,133,0 481,58,509,84,0 382,14,403,31,0 529,21,562,52,0 518,38,548,66,0 552,1,591,30,0 587,1,619,9,0 561,32,598,67,0 550,86,582,115,0 590,90,622,114,0 564,126,593,154,0 573,141,607,175,0 561,171,592,198,0 609,218,640,248,0 594,248,627,279,0 619,255,640,281,0 598,231,624,254,0 419,110,436,131,0
/home/jasper/Datasets/Day/JPEGImages/0235.jpg 64,1,105,35,0 127,126,171,171,0 121,172,155,209,0 241,402,282,445,0 240,78,276,114,0 232,113,274,153,0 284,185,311,211,0 337,237,377,275,0 325,318,365,352,0 390,329,431,367,0 390,226,425,264,0 453,238,494,277,0 434,188,473,225,0 453,148,487,177,0 433,103,468,136,0 504,24,542,58,0 533,45,578,83,0 605,17,639,50,0 547,90,580,125,0 563,146,600,176,0 347,73,383,113,0 493,238,536,277,0 471,207,504,238,0 523,303,565,338,0 594,340,632,369,0 257,25,297,60,0
/home/jasper/Datasets/Day/JPEGImages/0239.jpg 9,1,118,32,0 1,165,15,240,0 1,231,104,367,0 1,373,115,480,0 189,258,293,349,0 345,55,447,154,0 409,89,508,192,0 579,158,640,244,0
/home/jasper/Datasets/Day/JPEGImages/0243.jpg 313,19,640,443,0 222,1,513,59,0
/home/jasper/Datasets/Day/JPEGImages/0247.jpg 243,1,501,135,0 153,1,263,68,0 407,30,636,235,0
/home/jasper/Datasets/Day/JPEGImages/0251.jpg 273,3,297,27,0 372,4,400,30,0 433,160,468,195,0 428,190,454,215,0 483,351,500,368,0 333,412,351,430,0 189,300,207,317,0 159,279,175,294,0 296,211,319,233,0 333,193,360,220,0 341,158,370,187,0 315,149,343,174,0 291,189,321,212,0 310,202,326,222,0 288,162,313,183,0 289,138,312,161,0 328,96,352,122,0 307,102,322,118,0 259,116,277,136,0 246,147,265,166,0 283,103,300,124,0 282,66,307,89,0 268,60,286,78,0 281,39,303,62,0 300,24,325,53,0 278,21,298,41,0 182,35,202,52,0
/home/jasper/Datasets/Day/JPEGImages/0255.jpg 420,103,480,168,0 343,242,414,319,0 376,301,445,375,0 606,133,640,209,0 594,257,640,345,0 14,474,22,480,0
/home/jasper/Datasets/Day/JPEGImages/0259.jpg 455,299,471,314,0 426,358,442,376,0 576,310,631,351,0 574,204,622,248,0 411,196,439,222,0 351,171,386,203,0 353,200,377,223,0 128,342,145,359,0 92,324,109,338,0 230,238,252,257,0 241,229,261,248,0 223,215,253,239,0 271,181,298,205,0 264,216,283,239,0 241,178,264,196,0 215,182,235,201,0 216,161,237,181,0 248,123,277,150,0 176,182,194,198,0 182,150,204,170,0 205,136,226,152,0 225,130,244,151,0 282,35,306,57,0 215,59,238,82,0 204,99,226,122,0 186,95,204,111,0 196,73,219,96,0 193,58,212,77,0 186,40,210,64,0 100,77,119,96,0 161,2,184,26,0 133,3,152,21,0 113,1,131,17,0
/home/jasper/Datasets/Day/JPEGImages/0263.jpg 138,1,197,38,0 257,1,340,50,0 372,15,437,76,0 311,125,373,181,0 349,154,409,210,0 172,211,241,269,0 98,331,166,397,0 408,195,469,243,0 479,207,537,257,0 444,226,509,291,0 568,88,640,177,0 605,157,640,201,0
/home/jasper/Datasets/Day/JPEGImages/0267.jpg 10,13,210,177,0 1,97,67,322,0 1,360,65,480,0 149,85,318,250,0
/home/jasper/Datasets/Day/JPEGImages/0271.jpg 479,86,531,136,0 576,1,627,38,0 431,287,438,296,0 412,326,419,336,0 236,452,264,479,0 150,425,179,448,0 105,364,122,379,0 118,354,134,369,0 217,335,251,368,0 190,352,217,379,0 194,254,228,286,0 179,229,211,259,0 209,188,244,219,0 265,233,278,243,0 30,230,60,258,0 34,257,58,279,0 82,231,108,253,0
/home/jasper/Datasets/Day/JPEGImages/0275.jpg 1,60,80,157,0 105,72,250,202,0 26,382,131,480,0 224,302,301,379,0 313,141,418,236,0 394,369,480,445,0 350,1,471,98,0
/home/jasper/Datasets/Day/JPEGImages/0279.jpg 26,89,70,128,0 1,156,20,196,0 86,24,128,65,0 129,50,168,88,0 153,94,188,132,0 138,143,175,177,0 191,82,218,108,0 201,90,237,117,0 200,108,238,142,0 190,178,221,209,0 114,235,148,271,0 151,231,180,262,0 231,302,254,330,0 258,378,293,416,0 236,360,266,386,0 204,378,243,421,0 172,378,203,415,0 112,406,148,432,0 296,8,339,53,0 259,20,301,69,0 353,1,385,28,0 376,78,409,108,0 346,86,386,127,0 327,111,360,146,0 338,224,378,266,0 325,218,353,252,0 360,160,394,196,0 393,175,424,205,0 421,195,461,232,0 416,302,455,340,0 394,365,427,402,0 487,373,525,402,0 517,359,553,391,0 590,348,626,387,0 508,292,546,332,0 530,248,565,287,0 499,226,543,267,0 510,180,557,226,0 488,186,522,223,0 498,139,537,178,0 513,81,557,124,0 535,44,583,89,0 493,42,538,81,0
/home/jasper/Datasets/Day/JPEGImages/0283.jpg 109,1,481,119,0
/home/jasper/Datasets/Day/JPEGImages/0287.jpg 120,57,155,87,0 64,129,104,167,0 177,2,208,32,0 219,19,255,59,0 236,73,265,111,0 288,60,324,95,0 280,57,300,78,0 283,82,323,119,0 274,154,301,179,0 190,219,221,249,0 230,216,253,241,0 194,315,225,341,0 179,386,216,424,0 238,363,262,392,0 324,367,360,407,0 271,366,303,402,0 308,343,333,366,0 302,289,323,318,0 362,6,400,44,0 408,13,439,42,0 417,48,448,79,0 444,61,489,104,0 482,46,514,79,0 415,79,458,124,0 418,210,461,257,0 408,198,439,235,0 499,300,539,336,0 474,347,505,379,0 399,402,412,414,0 261,445,272,457,0 618,13,640,55,0 483,150,530,200,0 517,185,558,226,0 595,179,629,218,0 619,174,640,220,0 606,136,640,168,0 600,217,640,264,0 630,255,640,293,0
/home/jasper/Datasets/Day/JPEGImages/0291.jpg 9,49,123,150,0 134,64,236,161,0 140,154,264,263,0 157,242,271,350,0 224,175,353,300,0 312,167,412,259,0 393,384,471,432,0 260,1,358,53,0
/home/jasper/Datasets/Day/JPEGImages/0295.jpg 1,222,27,331,0 23,422,125,480,0 111,1,296,97,0 196,1,343,122,0 101,118,173,189,0 507,338,640,426,0 562,53,640,183,0 324,25,498,160,0
/home/jasper/Datasets/Day/JPEGImages/0299.jpg 247,58,289,100,0 54,224,89,256,0 39,355,53,369,0 55,346,66,357,0 34,397,52,415,0 54,408,69,426,0 35,432,55,453,0 81,299,116,332,0 131,347,146,361,0 286,339,316,367,0 322,343,360,382,0 379,335,412,368,0 420,353,452,386,0 483,360,524,398,0 568,369,582,382,0 472,105,508,146,0 418,3,478,50,0 510,1,559,37,0 497,13,557,66,0 332,264,376,305,0 456,322,485,350,0 471,272,498,298,0
/home/jasper/Datasets/Day/JPEGImages/0303.jpg 4,28,64,85,0 1,216,37,268,0 31,244,131,350,0 1,354,37,415,0 1,423,53,480,0 445,152,537,244,0 362,360,442,438,0
/home/jasper/Datasets/Day/JPEGImages/0307.jpg 212,164,329,268,0 272,183,385,295,0 215,151,310,230,0 46,131,127,210,0 1,269,47,330,0 160,231,251,316,0 194,361,295,446,0 344,362,438,430,0 309,1,459,39,0
/home/jasper/Datasets/Day/JPEGImages/0311.jpg 141,72,178,104,0 144,91,187,130,0 88,32,123,70,0 25,5,78,55,0 1,71,27,101,0 55,124,84,155,0 76,136,101,167,0 93,89,123,114,0 143,161,174,197,0 89,215,120,248,0 61,224,89,255,0 60,391,97,429,0 182,289,208,317,0 147,367,171,395,0 110,363,138,396,0 67,313,105,347,0 203,363,238,405,0 229,425,259,455,0 273,414,281,423,0 279,411,288,421,0 337,415,345,424,0 342,362,366,391,0 361,295,395,328,0 274,212,316,252,0 317,198,355,231,0 334,152,372,190,0 281,73,326,114,0 267,101,301,137,0 321,62,349,88,0 265,64,292,92,0 253,33,282,63,0 210,14,252,60,0 437,369,467,405,0 455,349,487,386,0 539,353,579,387,0 495,328,529,359,0 447,286,486,332,0 447,225,483,262,0 469,246,501,282,0 519,246,553,281,0 450,175,491,218,0 440,180,476,220,0 534,190,572,229,0 551,227,583,264,0 485,31,530,76,0
/home/jasper/Datasets/Day/JPEGImages/0315.jpg 1,156,162,315,0 126,219,273,335,0 141,315,290,429,0 231,352,426,480,0 348,301,477,423,0 282,27,430,188,0
/home/jasper/Datasets/Day/JPEGImages/0319.jpg 1,1,300,214,0 1,370,179,480,0 368,318,602,480,0
/home/jasper/Datasets/Day/JPEGImages/0323.jpg 411,78,440,108,0 410,108,433,128,0 462,87,483,110,0 627,148,640,175,0 473,250,489,263,0 459,253,473,267,0 588,267,625,305,0 630,262,640,300,0 502,334,536,361,0 533,361,564,385,0 473,318,505,342,0 373,379,393,396,0 197,265,212,280,0 227,282,243,297,0 352,198,365,212,0 308,176,330,194,0 323,176,338,189,0 295,144,311,161,0 314,150,328,168,0 314,112,329,125,0 313,64,330,83,0 265,108,282,124,0 260,138,277,153,0 274,50,294,69,0 257,45,272,60,0 264,28,283,44,0 278,14,301,33,0 260,15,273,28,0 248,1,272,18,0 191,50,204,62,0
/home/jasper/Datasets/Day/JPEGImages/0327.jpg 44,52,75,85,0 61,102,90,131,0 104,88,141,119,0 107,104,150,141,0 110,173,140,207,0 26,235,54,268,0 56,231,89,261,0 147,294,180,329,0 29,322,68,355,0 5,420,31,454,0 26,407,67,446,0 74,373,106,408,0 118,381,150,413,0 169,376,211,419,0 167,31,208,74,0 216,47,244,73,0 221,70,250,97,0 236,85,282,129,0 229,113,263,149,0 278,79,312,110,0 242,226,283,266,0 245,428,256,439,0 308,424,320,436,0 327,376,361,412,0 333,304,368,335,0 325,271,350,294,0 286,208,322,240,0 297,164,337,200,0 310,359,348,398,0 439,42,483,90,0 413,187,454,224,0 404,140,436,175,0 404,191,427,226,0 491,198,528,233,0 503,227,537,261,0 476,248,511,282,0 411,227,453,267,0 434,250,476,298,0 415,289,448,330,0 425,355,455,387,0 403,378,436,409,0 503,350,539,387,0 15,1,51,27,0 1,25,31,60,0
/home/jasper/Datasets/Day/JPEGImages/0331.jpg 1,185,116,303,0 124,345,198,418,0 165,362,305,480,0 454,161,565,271,0 404,95,512,187,0 390,164,481,256,0 534,212,640,431,0 303,242,382,313,0
/home/jasper/Datasets/Day/JPEGImages/0335.jpg 5,22,46,64,0 16,1,45,18,0 37,55,73,89,0 52,107,85,138,0 26,236,53,265,0 57,232,84,261,0 31,331,69,365,0 24,405,66,447,0 75,374,109,409,0 115,378,147,404,0 167,371,209,415,0 240,429,254,440,0 305,426,317,438,0 105,178,135,204,0 97,83,119,105,0 101,88,136,119,0 105,105,145,143,0 169,32,207,77,0 209,46,237,72,0 218,79,248,105,0 233,82,280,123,0 273,83,307,112,0 226,114,265,148,0 292,159,334,199,0 275,207,317,244,0 236,224,281,264,0 329,300,361,333,0 402,369,431,400,0 417,348,447,380,0 494,345,532,382,0 414,285,441,314,0 467,244,501,277,0 496,229,524,259,0 482,188,519,230,0 407,230,443,265,0 393,189,418,219,0 404,180,446,221,0 425,50,466,89,0 247,1,286,42,0 142,297,176,332,0
/home/jasper/Datasets/Day/JPEGImages/0339.jpg 4,25,126,129,0 1,1,53,68,0 134,216,211,286,0 550,235,640,372,0
/home/jasper/Datasets/Day/JPEGImages/0343.jpg 1,2,43,59,0 39,52,75,82,0 48,66,90,105,0 10,66,40,97,0 9,98,33,127,0 58,141,86,168,0 88,261,121,297,0 113,337,152,385,0 140,333,165,362,0 23,321,58,367,0 50,340,86,369,0 1,304,20,342,0 1,361,18,402,0 1,431,34,468,0 100,1,137,38,0 148,11,179,38,0 153,41,186,75,0 161,51,206,96,0 154,81,191,115,0 358,16,405,61,0 234,130,266,166,0 225,179,263,216,0 175,195,217,240,0 334,172,367,204,0 349,215,386,252,0 377,226,438,274,0 440,209,475,242,0 254,275,298,317,0 335,273,374,317,0 230,327,273,373,0 335,352,368,388,0 348,337,379,370,0 390,317,418,351,0 434,337,476,377,0 251,400,284,429,0 186,431,196,442,0 146,402,175,428,0
/home/jasper/Datasets/Day/JPEGImages/0347.jpg 17,1,37,15,0 3,1,18,12,0 6,10,22,24,0 1,26,14,41,0 10,29,31,47,0 66,53,83,71,0 89,46,108,65,0 111,43,139,66,0 90,64,109,80,0 70,107,85,125,0 39,135,59,153,0 7,110,22,124,0 160,15,187,41,0 182,16,213,42,0 156,67,186,94,0 198,37,232,67,0 191,59,219,87,0 176,140,202,170,0 194,247,223,272,0 195,275,209,288,0 152,287,167,300,0 141,251,162,268,0 106,311,124,326,0 332,220,367,254,0 302,218,328,246,0 322,286,355,322,0 314,313,334,330,0 343,333,377,371,0 359,297,387,326,0 387,339,415,370,0 382,355,410,382,0 375,383,408,411,0 425,394,458,417,0 454,333,491,365,0 512,321,531,336,0 515,309,526,323,0 453,263,500,305,0 468,164,503,199,0 596,125,640,190,0 462,1,525,36,0 397,239,423,266,0 368,223,394,250,0
