/home/jasper/Datasets/Day/JPEGImages/0001.jpg 217,80,253,114,0 203,142,242,182,0 184,202,214,229,0 8,211,32,232,0 11,299,36,326,0 59,297,90,329,0 67,398,96,426,0 262,273,281,291,0 365,202,397,235,0 396,330,431,363,0 384,363,422,404,0 423,362,453,392,0 500,3,541,46,0 540,113,580,151,0 509,142,550,180,0 511,271,541,302,0 534,309,568,341,0 512,318,549,353,0
/home/jasper/Datasets/Day/JPEGImages/0002.jpg 175,198,230,250,0 146,297,210,361,0 117,381,168,436,0 623,299,640,347,0
/home/jasper/Datasets/Day/JPEGImages/0005.jpg 263,9,391,117,0
/home/jasper/Datasets/Day/JPEGImages/0006.jpg 1,310,156,480,0 15,231,87,311,0
/home/jasper/Datasets/Day/JPEGImages/0009.jpg 314,182,441,307,0 340,306,463,422,0 272,395,379,480,0
/home/jasper/Datasets/Day/JPEGImages/0010.jpg 241,45,254,60,0 442,69,476,101,0 377,293,395,311,0 1,354,15,376,0 606,41,639,70,0 582,147,607,171,0 508,173,532,198,0 481,177,511,201,0 582,246,608,270,0 446,249,472,270,0 511,237,526,251,0 464,7,484,25,0
/home/jasper/Datasets/Day/JPEGImages/0013.jpg 179,208,234,261,0 151,304,213,367,0 123,381,188,445,0 616,301,640,361,0 596,183,640,235,0
/home/jasper/Datasets/Day/JPEGImages/0014.jpg 26,177,124,261,0 1,329,75,426,0
/home/jasper/Datasets/Day/JPEGImages/0017.jpg 330,1,451,82,0 320,167,466,318,0
/home/jasper/Datasets/Day/JPEGImages/0018.jpg 386,3,485,93,0 424,152,518,257,0 1,449,68,480,0
/home/jasper/Datasets/Day/JPEGImages/0021.jpg 97,173,161,226,0 44,232,120,309,0 134,334,190,383,0 12,388,97,462,0 1,441,95,480,0 112,446,178,480,0 174,287,237,348,0 263,277,327,341,0 312,259,363,311,0 186,164,233,206,0 318,312,365,357,0
/home/jasper/Datasets/Day/JPEGImages/0022.jpg 107,165,158,221,0 33,221,103,298,0 5,375,92,456,0 1,428,89,480,0 100,436,174,480,0 131,314,189,371,0 170,275,241,346,0 253,269,326,332,0 310,246,383,310,0
/home/jasper/Datasets/Day/JPEGImages/0025.jpg 93,113,163,177,0 61,164,110,208,0 174,102,238,161,0 230,94,283,149,0 1,220,27,275,0 1,261,28,305,0 45,265,97,318,0 86,292,143,352,0 139,313,180,356,0 155,324,209,375,0 214,254,282,306,0 264,362,320,404,0 392,192,430,223,0 381,218,420,253,0 469,230,506,262,0 458,258,497,288,0 489,282,533,315,0 445,339,490,385,0 19,11,69,63,0 617,227,638,245,0
/home/jasper/Datasets/Day/JPEGImages/0026.jpg 114,109,179,155,0 62,179,117,218,0 1,144,47,199,0 1,217,32,251,0 40,314,106,366,0 1,399,46,447,0 71,393,122,442,0 143,445,187,480,0 198,432,227,455,0 168,208,219,248,0 195,289,247,330,0 293,266,336,305,0 248,27,284,59,0 278,56,313,80,0 519,107,538,127,0 604,195,631,219,0 1,1,32,23,0 76,1,111,19,0 416,37,427,51,0 347,125,373,151,0 274,88,302,122,0
/home/jasper/Datasets/Day/JPEGImages/0029.jpg 272,166,397,303,0 318,288,463,424,0 452,359,565,456,0
/home/jasper/Datasets/Day/JPEGImages/0030.jpg 502,294,638,413,0
/home/jasper/Datasets/Day/JPEGImages/0033.jpg 180,56,226,103,0 197,1,237,22,0 166,124,195,155,0 29,241,58,267,0 1,427,25,459,0 253,400,288,441,0 282,387,313,417,0 380,134,414,167,0 366,341,402,374,0 400,346,432,383,0 442,294,473,327,0 445,330,476,356,0 527,257,568,297,0 587,26,636,81,0 544,58,593,106,0 535,203,572,245,0 586,170,622,204,0 555,251,595,290,0 592,253,627,291,0
/home/jasper/Datasets/Day/JPEGImages/0034.jpg 183,39,232,89,0 164,133,221,191,0 150,203,189,245,0 1,330,32,370,0 9,445,44,480,0 252,331,290,368,0 389,347,401,359,0 386,210,433,254,0 585,14,636,64,0 590,127,640,182,0 580,296,630,344,0 608,348,640,382,0
/home/jasper/Datasets/Day/JPEGImages/0037.jpg 366,10,533,161,0 1,338,24,444,0
/home/jasper/Datasets/Day/JPEGImages/0038.jpg 1,334,52,459,0 538,211,640,382,0
/home/jasper/Datasets/Day/JPEGImages/0041.jpg 106,78,133,101,0
/home/jasper/Datasets/Day/JPEGImages/0042.jpg 271,21,290,40,0 242,26,255,41,0 135,103,149,117,0 125,104,137,118,0 300,322,316,338,0 335,101,356,123,0 444,13,463,34,0 456,44,491,75,0 452,70,480,93,0 423,95,456,127,0 566,1,599,33,0 512,105,547,139,0 580,173,617,211,0 454,138,486,169,0 530,216,558,244,0 466,233,492,260,0 399,183,419,209,0 376,190,400,213,0 354,264,379,286,0 332,295,352,318,0 475,289,511,323,0 522,338,548,363,0
/home/jasper/Datasets/Day/JPEGImages/0045.jpg 418,344,482,404,0 145,238,213,307,0 179,133,240,190,0 105,327,174,393,0
/home/jasper/Datasets/Day/JPEGImages/0046.jpg 161,1,253,80,0 110,137,214,237,0 56,263,154,366,0 509,308,606,385,0
/home/jasper/Datasets/Day/JPEGImages/0049.jpg 33,18,55,36,0 71,1,101,18,0 102,42,123,62,0 144,130,165,150,0 131,154,153,174,0 160,141,181,160,0 175,157,192,179,0 194,187,224,215,0 182,96,210,126,0 181,62,216,94,0 161,47,192,70,0 181,13,217,51,0 204,40,233,69,0 260,57,309,102,0 282,117,329,159,0 337,114,373,150,0 401,19,458,72,0 454,1,513,19,0 562,1,640,41,0 480,77,523,124,0 435,155,485,207,0 394,174,447,222,0 480,222,523,265,0 452,243,485,279,0 452,290,495,328,0 387,317,427,348,0 374,338,412,371,0
/home/jasper/Datasets/Day/JPEGImages/0050.jpg 47,209,149,304,0 63,301,160,393,0 32,393,132,480,0 123,408,225,480,0
/home/jasper/Datasets/Day/JPEGImages/0053.jpg 1,267,14,293,0 68,401,97,431,0 66,296,95,325,0 15,300,40,324,0 14,203,40,232,0 222,81,258,114,0 207,139,245,178,0 189,193,224,229,0 366,201,400,236,0 539,114,577,158,0 511,139,549,179,0 556,234,584,266,0 512,272,543,298,0 534,304,570,339,0 513,318,549,351,0
/home/jasper/Datasets/Day/JPEGImages/0054.jpg 69,38,107,78,0 52,74,88,110,0 1,82,13,118,0 84,206,107,233,0 121,201,156,237,0 167,222,193,246,0 23,223,63,264,0 37,261,71,294,0 56,307,85,339,0 101,273,129,302,0 137,304,165,331,0 182,305,205,333,0 164,262,184,284,0 55,409,86,435,0 18,454,47,480,0 160,383,186,408,0 178,402,199,423,0 347,80,381,115,0 333,144,372,183,0 308,208,342,239,0 381,301,416,337,0 491,206,529,241,0
/home/jasper/Datasets/Day/JPEGImages/0057.jpg 295,290,374,369,0 272,246,328,299,0
/home/jasper/Datasets/Day/JPEGImages/0058.jpg 309,209,437,328,0 278,138,351,204,0
/home/jasper/Datasets/Day/JPEGImages/0061.jpg 306,69,574,325,0
/home/jasper/Datasets/Day/JPEGImages/0062.jpg 322,48,640,344,0
/home/jasper/Datasets/Day/JPEGImages/0065.jpg 430,82,640,287,0
/home/jasper/Datasets/Day/JPEGImages/0066.jpg 472,97,640,272,0 453,1,524,73,0
/home/jasper/Datasets/Day/JPEGImages/0069.jpg 497,105,640,260,0 487,19,552,89,0
/home/jasper/Datasets/Day/JPEGImages/0070.jpg 8,369,30,390,0 460,18,485,45,0 399,67,419,82,0 411,77,429,94,0 415,106,433,123,0 491,103,527,134,0 472,115,495,133,0 516,31,537,54,0 582,84,608,108,0 627,92,640,117,0 619,134,640,169,0 570,146,592,166,0 565,223,591,254,0 534,223,564,249,0 489,293,518,320,0 457,321,479,343,0 560,277,583,304,0 608,288,626,306,0 271,46,282,59,0 264,45,272,56,0 407,316,426,331,0 435,1,456,17,0
/home/jasper/Datasets/Day/JPEGImages/0073.jpg 303,290,409,399,0 279,246,333,294,0
/home/jasper/Datasets/Day/JPEGImages/0074.jpg 315,216,456,355,0 297,140,358,201,0
/home/jasper/Datasets/Day/JPEGImages/0077.jpg 1,7,230,251,0 216,228,631,480,0
/home/jasper/Datasets/Day/JPEGImages/0078.jpg 396,154,597,340,0 307,94,389,172,0
/home/jasper/Datasets/Day/JPEGImages/0081.jpg 299,69,334,106,0 24,34,56,68,0 1,64,31,97,0 66,187,98,223,0 30,202,54,230,0 114,213,140,239,0 52,258,77,286,0 14,302,37,323,0 81,296,106,321,0 130,296,153,324,0 258,186,295,224,0 42,346,73,376,0 333,288,366,324,0 407,385,417,396,0 442,195,477,229,0 623,111,640,141,0 594,129,636,171,0 615,299,640,336,0 587,311,625,345,0 592,264,621,294,0 587,50,624,85,0
/home/jasper/Datasets/Day/JPEGImages/0082.jpg 18,392,47,423,0 42,344,71,373,0 31,298,55,326,0 129,289,161,320,0 86,287,113,318,0 56,254,98,288,0 48,282,75,307,0 1,253,24,280,0 43,233,71,256,0 75,185,109,223,0 7,69,33,97,0 17,39,47,68,0 297,67,333,104,0 259,183,295,222,0 336,292,363,320,0 406,385,417,397,0 437,192,475,225,0 586,127,626,169,0 618,104,640,150,0 586,262,619,294,0 608,297,640,330,0 585,311,619,343,0 506,346,538,375,0 121,206,151,236,0
/home/jasper/Datasets/Day/JPEGImages/0085.jpg 16,66,58,102,0 1,183,16,211,0 85,261,113,287,0 87,288,114,321,0 79,443,109,477,0 184,194,211,222,0 221,396,254,432,0 263,345,295,376,0 325,385,337,398,0 334,305,369,341,0 347,295,378,327,0 376,299,412,328,0 384,346,417,381,0 328,261,356,288,0 370,227,399,253,0 318,133,352,170,0 339,104,377,146,0 361,136,391,172,0 522,90,559,128,0 568,119,609,157,0 513,153,548,191,0 537,206,575,243,0 521,318,558,356,0
/home/jasper/Datasets/Day/JPEGImages/0086.jpg 8,67,49,104,0 77,266,109,293,0 84,290,113,322,0 220,399,256,439,0 180,197,210,230,0 263,345,296,376,0 273,384,299,415,0 299,1,335,33,0 341,106,381,152,0 357,92,393,125,0 320,136,354,173,0 375,231,402,259,0 328,267,353,291,0 347,301,381,333,0 334,314,366,346,0 386,348,418,385,0 327,385,339,396,0 530,91,564,124,0 574,123,618,160,0 517,155,557,192,0 543,212,582,244,0 526,324,564,358,0 73,451,108,480,0
/home/jasper/Datasets/Day/JPEGImages/0089.jpg 301,5,327,31,0 5,69,42,108,0 1,208,25,236,0 76,269,102,299,0 76,298,106,325,0 67,450,105,480,0 104,440,137,469,0 107,407,137,435,0 221,400,251,436,0 265,382,293,413,0 260,348,290,379,0 177,199,206,229,0 314,133,351,172,0 339,108,376,151,0 372,233,400,261,0 321,266,349,294,0 344,299,373,331,0 327,311,365,346,0 384,345,416,385,0 320,385,333,397,0 521,321,559,359,0 537,208,575,247,0 516,153,558,191,0 570,120,611,159,0 523,94,558,127,0 355,91,383,122,0
/home/jasper/Datasets/Day/JPEGImages/0090.jpg 2,69,44,106,0 1,198,22,225,0 78,297,103,321,0 107,408,133,434,0 103,439,137,468,0 66,450,104,480,0 219,399,251,436,0 260,349,291,379,0 269,383,291,414,0 322,385,333,398,0 191,453,206,467,0 78,269,104,293,0 176,199,207,227,0 305,10,327,30,0 353,96,385,125,0 339,107,377,148,0 314,138,350,172,0 374,230,398,257,0 326,266,351,294,0 345,301,377,331,0 330,308,363,343,0 384,348,415,383,0 529,92,561,126,0 571,119,609,157,0 513,152,554,191,0 538,208,577,246,0 522,320,556,356,0
/home/jasper/Datasets/Day/JPEGImages/0093.jpg 298,108,350,162,0 323,196,377,251,0 357,269,440,353,0 321,321,381,384,0 88,416,154,472,0 387,328,446,387,0
/home/jasper/Datasets/Day/JPEGImages/0094.jpg 246,6,340,91,0 326,214,438,347,0 368,309,465,389,0 266,305,363,396,0 264,127,345,204,0
/home/jasper/Datasets/Day/JPEGImages/0097.jpg 65,1,263,78,0 335,19,471,156,0
/home/jasper/Datasets/Day/JPEGImages/0098.jpg 16,1,189,28,0 307,1,530,132,0
/home/jasper/Datasets/Day/JPEGImages/0101.jpg 1,1,100,211,0 201,1,437,122,0 19,1,151,142,0
/home/jasper/Datasets/Day/JPEGImages/0102.jpg 1,1,206,203,0 224,1,450,114,0
/home/jasper/Datasets/Day/JPEGImages/0105.jpg 105,229,238,362,0
/home/jasper/Datasets/Day/JPEGImages/0106.jpg 14,110,80,171,0 31,170,108,231,0 91,193,169,256,0 99,265,187,345,0 177,351,251,419,0
/home/jasper/Datasets/Day/JPEGImages/0109.jpg 187,1,229,39,0 1,119,33,153,0 142,138,168,160,0 164,151,182,167,0 53,213,90,253,0 61,164,89,199,0 59,135,86,160,0 61,311,88,339,0 20,383,47,409,0 58,403,85,428,0 209,399,243,435,0 240,391,274,424,0 251,362,274,387,0 196,368,223,397,0 227,242,265,275,0 228,212,264,245,0 343,156,380,193,0 354,378,390,411,0 407,329,446,365,0 513,101,561,145,0 552,64,605,123,0 585,43,627,85,0 563,214,606,257,0 492,310,533,351,0 513,303,551,339,0 493,262,529,291,0 549,309,596,344,0
/home/jasper/Datasets/Day/JPEGImages/0110.jpg 117,166,282,345,0
/home/jasper/Datasets/Day/JPEGImages/0113.jpg 11,78,54,115,0 5,215,30,238,0 79,273,110,298,0 89,296,115,324,0 184,204,212,232,0 222,408,256,447,0 264,355,292,385,0 275,383,306,413,0 324,392,337,404,0 319,143,356,180,0 360,102,388,134,0 365,144,405,182,0 377,234,408,266,0 339,315,375,353,0 360,309,377,333,0 385,309,416,340,0 328,266,360,304,0 387,355,423,389,0 580,128,617,165,0 535,104,565,133,0 519,164,556,198,0 543,217,585,253,0 527,329,561,370,0 309,3,348,40,0
/home/jasper/Datasets/Day/JPEGImages/0114.jpg 220,1,333,88,0 319,213,407,287,0 235,317,339,409,0 359,322,468,408,0
/home/jasper/Datasets/Day/JPEGImages/0117.jpg 248,1,447,132,0 1,7,206,217,0
/home/jasper/Datasets/Day/JPEGImages/0118.jpg 16,87,44,114,0 95,78,123,107,0 151,91,186,123,0 150,124,186,159,0 149,174,182,210,0 81,206,106,229,0 41,282,55,299,0 1,303,17,326,0 16,325,35,346,0 16,385,38,407,0 107,334,126,355,0 145,365,169,392,0 144,406,172,437,0 145,266,177,298,0 279,376,311,411,0 312,370,345,400,0 331,345,351,365,0 316,217,354,248,0 324,194,353,224,0 242,101,273,129,0 444,135,480,172,0 490,327,533,364,0 427,370,465,398,0 592,318,629,358,0 619,310,640,353,0
/home/jasper/Datasets/Day/JPEGImages/0121.jpg 1,354,61,446,0 321,207,419,297,0 433,225,527,308,0 433,112,503,192,0 326,39,404,107,0
/home/jasper/Datasets/Day/JPEGImages/0122.jpg 302,1,443,61,0 445,1,590,106,0 486,275,626,383,0
/home/jasper/Datasets/Day/JPEGImages/0125.jpg 145,1,640,407,0
/home/jasper/Datasets/Day/JPEGImages/0126.jpg 418,75,616,270,0
/home/jasper/Datasets/Day/JPEGImages/0129.jpg 28,77,66,112,0 1,190,28,225,0 88,267,117,296,0 90,294,122,327,0 187,201,217,231,0 224,404,256,440,0 264,349,297,382,0 275,388,299,416,0 326,392,338,404,0 334,317,373,355,0 386,353,423,386,0 376,234,405,264,0 319,141,354,178,0 366,143,400,179,0 351,104,379,135,0 525,97,559,134,0 568,127,610,165,0 514,159,555,198,0 539,214,575,253,0 522,326,560,362,0 551,349,568,365,0
/home/jasper/Datasets/Day/JPEGImages/0130.jpg 263,38,381,153,0 310,186,390,253,0 314,272,364,324,0 371,264,430,325,0 289,353,375,430,0
/home/jasper/Datasets/Day/JPEGImages/0133.jpg 1,1,209,66,0 166,1,286,61,0 279,1,476,148,0
/home/jasper/Datasets/Day/JPEGImages/0134.jpg 275,1,522,127,0 110,1,243,20,0
/home/jasper/Datasets/Day/JPEGImages/0137.jpg 100,39,143,76,0 70,165,102,199,0 160,242,187,272,0 121,401,147,420,0 176,390,203,414,0 177,417,203,444,0 258,179,286,211,0 282,388,316,426,0 264,418,280,436,0 326,334,362,370,0 326,369,360,407,0 401,309,446,349,0 396,364,408,376,0 456,350,495,390,0 617,333,640,376,0 458,221,493,259,0 402,118,445,157,0 454,73,487,107,0 455,118,491,156,0 630,156,640,193,0
/home/jasper/Datasets/Day/JPEGImages/0138.jpg 292,1,437,100,0 440,23,580,148,0 507,325,623,429,0 1,1,87,108,0
/home/jasper/Datasets/Day/JPEGImages/0141.jpg 31,448,99,480,0 292,72,361,140,0 313,183,380,254,0 308,337,385,406,0 366,282,428,347,0 397,325,479,396,0
/home/jasper/Datasets/Day/JPEGImages/0142.jpg 228,37,340,144,0 337,140,420,219,0 200,240,330,357,0 350,257,472,361,0
/home/jasper/Datasets/Day/JPEGImages/0145.jpg 196,1,239,40,0 56,127,88,166,0 3,118,33,152,0 64,170,94,199,0 58,212,90,246,0 63,310,89,336,0 163,128,192,157,0 131,412,148,429,0 204,394,239,431,0 235,388,270,418,0 251,361,273,382,0 235,213,266,242,0 231,240,265,267,0 336,386,348,401,0 349,373,385,408,0 403,325,435,356,0 347,152,375,181,0 468,271,480,285,0 475,344,487,356,0 539,355,579,386,0 503,99,551,140,0 570,47,603,79,0
/home/jasper/Datasets/Day/JPEGImages/0146.jpg 15,77,58,114,0 1,203,21,237,0 79,272,111,303,0 58,428,87,458,0 78,297,115,332,0 184,203,214,232,0 221,407,254,445,0 262,354,292,384,0 307,329,318,340,0 325,393,337,405,0 386,354,421,391,0 312,142,352,181,0 349,101,380,132,0 514,160,555,199,0 540,214,579,251,0 525,328,561,367,0 569,126,610,164,0 526,102,560,135,0
/home/jasper/Datasets/Day/JPEGImages/0149.jpg 249,41,262,52,0 56,364,80,387,0 558,103,596,140,0 573,83,597,107,0 532,164,566,192,0 617,27,640,82,0
/home/jasper/Datasets/Day/JPEGImages/0150.jpg 578,129,617,166,0 532,102,568,133,0 518,163,560,199,0 544,219,582,252,0 526,328,561,367,0 222,408,256,446,0 271,388,301,416,0 260,355,295,388,0 305,329,316,339,0 325,392,336,406,0 316,142,355,177,0 371,143,406,175,0 304,9,338,40,0 11,77,54,114,0 182,206,214,238,0 75,273,109,309,0
/home/jasper/Datasets/Day/JPEGImages/0153.jpg 55,60,84,88,0 49,139,90,176,0 27,355,69,391,0 1,407,23,447,0 42,396,71,425,0 112,143,147,178,0 140,355,167,384,0 248,325,259,335,0 268,102,295,132,0 299,126,337,165,0 258,161,297,198,0 279,215,316,251,0 279,327,312,365,0 309,345,340,377,0 253,387,264,401,0 382,149,413,182,0 426,246,459,283,0
/home/jasper/Datasets/Day/JPEGImages/0154.jpg 297,254,359,312,0 425,282,491,343,0 468,334,505,380,0 266,386,325,444,0 235,413,247,425,0 240,298,296,357,0 252,205,297,259,0 8,201,60,252,0 24,249,89,316,0
/home/jasper/Datasets/Day/JPEGImages/0157.jpg 280,1,471,116,0
/home/jasper/Datasets/Day/JPEGImages/0158.jpg 108,30,211,118,0 124,1,201,41,0 2,266,66,319,0 41,351,92,397,0 87,377,130,414,0 129,413,168,449,0 230,376,311,459,0 287,364,379,434,0 287,295,374,371,0 567,301,640,390,0 269,273,345,336,0
/home/jasper/Datasets/Day/JPEGImages/0161.jpg 294,48,328,83,0 358,59,392,97,0 584,61,640,112,0 556,17,595,61,0 518,98,569,147,0 522,173,574,220,0 529,326,563,362,0 479,236,490,248,0 466,305,479,318,0 97,149,134,183,0 93,174,127,208,0 244,262,277,295,0 195,306,230,340,0 244,302,272,335,0 307,355,343,391,0 318,335,330,346,0 347,366,381,401,0 333,397,365,427,0 301,373,329,403,0 245,418,271,444,0 1,320,18,357,0 1,365,19,391,0 56,430,90,458,0 71,317,102,349,0 102,312,138,341,0 112,285,146,316,0 113,268,140,290,0 181,100,211,134,0 345,294,366,322,0
/home/jasper/Datasets/Day/JPEGImages/0162.jpg 349,108,390,149,0 436,132,469,169,0 458,165,489,201,0 475,235,512,278,0 306,144,345,182,0 324,199,360,236,0 293,302,303,314,0 347,332,381,366,0 294,366,306,378,0 201,406,233,440,0 159,402,194,434,0 197,437,221,460,0 158,119,197,156,0 103,118,143,154,0 111,36,142,64,0 77,329,112,359,0 81,369,112,401,0 29,381,64,419,0
/home/jasper/Datasets/Day/JPEGImages/0165.jpg 129,78,387,344,0 448,1,640,59,0
/home/jasper/Datasets/Day/JPEGImages/0166.jpg 1,1,434,431,0
/home/jasper/Datasets/Day/JPEGImages/0169.jpg 1,1,367,480,0
/home/jasper/Datasets/Day/JPEGImages/0170.jpg 1,1,309,480,0
/home/jasper/Datasets/Day/JPEGImages/0173.jpg 547,129,638,215,0 602,190,640,268,0
/home/jasper/Datasets/Day/JPEGImages/0174.jpg 549,132,637,217,0 602,165,640,269,0
/home/jasper/Datasets/Day/JPEGImages/0177.jpg 370,154,408,192,0 32,143,75,185,0 17,359,52,393,0 1,417,8,456,0 31,400,59,428,0 94,142,137,185,0 27,62,76,101,0 84,99,120,136,0 242,392,254,405,0 295,345,331,378,0 413,247,458,288,0
/home/jasper/Datasets/Day/JPEGImages/0178.jpg 573,25,621,67,0 100,351,140,392,0 176,395,189,407,0 156,154,189,190,0 587,316,625,353,0 581,355,617,389,0
/home/jasper/Datasets/Day/JPEGImages/0181.jpg 1,307,36,343,0 9,358,36,380,0 1,375,34,411,0 33,458,72,480,0 191,188,234,230,0 232,175,267,206,0 220,107,267,150,0 237,61,280,101,0 214,20,260,63,0 299,74,348,119,0 276,102,318,143,0 288,129,329,167,0 311,279,351,319,0 424,250,447,270,0 389,245,419,276,0 472,260,504,288,0 426,228,446,246,0 461,294,488,321,0 441,316,470,351,0 477,324,512,361,0 580,212,620,254,0 602,232,640,274,0 484,93,521,124,0 465,110,504,147,0 454,88,481,112,0 430,12,467,51,0 594,19,640,60,0 546,29,593,71,0 569,61,616,94,0 607,121,640,152,0 597,152,634,192,0
/home/jasper/Datasets/Day/JPEGImages/0182.jpg 176,60,227,115,0 204,107,252,152,0 241,1,290,19,0 283,120,328,167,0 250,150,291,191,0 276,176,310,218,0 189,158,233,206,0 157,241,205,290,0 193,226,233,267,0 237,223,271,256,0 295,346,340,393,0 411,287,454,332,0 471,325,510,360,0 464,157,502,195,0 480,140,519,175,0 442,130,477,163,0 398,100,434,140,0 370,19,421,74,0 368,1,426,19,0 413,1,454,47,0 418,53,461,90,0 599,57,640,107,0 550,71,596,116,0 575,99,616,135,0 609,126,640,158,0 606,173,640,204,0 590,272,634,319,0 617,288,640,341,0
/home/jasper/Datasets/Day/JPEGImages/0185.jpg 1,1,98,85,0 152,1,300,78,0 225,91,345,202,0 100,179,229,289,0 1,173,88,327,0 517,5,640,118,0 569,127,640,285,0 572,1,640,13,0
/home/jasper/Datasets/Day/JPEGImages/0186.jpg 287,209,338,255,0 302,251,346,284,0 546,199,562,210,0 516,364,538,383,0 190,368,217,396,0 165,288,190,307,0 101,295,124,312,0 139,224,167,253,0 78,219,111,248,0 53,224,81,250,0 53,195,87,225,0 66,174,103,200,0 113,104,141,141,0 43,189,64,205,0 20,164,54,195,0 1,144,18,178,0
/home/jasper/Datasets/Day/JPEGImages/0189.jpg 5,99,30,122,0 12,119,29,136,0 37,112,63,135,0 19,130,44,150,0 13,147,35,168,0 31,152,54,172,0 20,206,41,225,0 14,239,34,254,0 63,178,79,196,0 75,165,96,186,0 55,211,73,232,0 75,212,97,235,0 59,250,81,273,0 72,275,98,299,0 110,213,131,232,0 169,183,201,211,0 173,208,195,230,0 222,304,240,322,0 237,299,252,314,0 262,396,294,423,0 246,387,261,403,0 289,370,310,393,0 318,336,343,361,0 348,326,387,363,0 309,315,325,330,0 339,238,378,278,0
/home/jasper/Datasets/Day/JPEGImages/0190.jpg 72,14,118,57,0 117,246,156,280,0 89,291,123,322,0 125,287,148,315,0 110,317,144,347,0 139,393,172,430,0 1,458,10,473,0 302,143,348,187,0 340,121,389,168,0 333,62,379,108,0 399,47,451,99,0 358,1,417,52,0 386,131,440,179,0 422,80,467,126,0 436,16,500,66,0 581,2,628,41,0 617,254,640,294,0 591,293,621,326,0 607,327,640,374,0
/home/jasper/Datasets/Day/JPEGImages/0193.jpg 138,195,230,288,0 526,149,640,249,0 445,169,591,294,0 423,243,582,405,0 334,224,457,367,0 427,89,495,157,0
/home/jasper/Datasets/Day/JPEGImages/0194.jpg 18,155,152,279,0 265,187,448,385,0 395,169,640,419,0 453,71,637,243,0 559,78,640,224,0
/home/jasper/Datasets/Day/JPEGImages/0197.jpg 17,295,187,455,0 350,153,510,292,0 364,192,615,419,0
/home/jasper/Datasets/Day/JPEGImages/0198.jpg 300,1,456,136,0 290,389,462,480,0
/home/jasper/Datasets/Day/JPEGImages/0201.jpg 156,42,170,54,0 415,217,432,232,0 450,245,472,265,0 561,39,588,64,0 607,28,626,44,0 623,94,640,118,0 610,107,640,130,0 543,79,568,100,0
/home/jasper/Datasets/Day/JPEGImages/0202.jpg 319,1,336,18,0 332,9,358,31,0 373,40,399,66,0 308,64,327,82,0 328,157,349,177,0 328,126,355,152,0 202,217,218,235,0 229,240,244,258,0 350,356,371,375,0 379,106,409,133,0 462,96,498,128,0 456,126,483,150,0 548,260,568,279,0 504,311,523,333,0 458,337,486,357,0 476,361,511,386,0 569,344,600,364,0 620,350,640,373,0
/home/jasper/Datasets/Day/JPEGImages/0205.jpg 18,97,122,197,0 60,424,130,480,0 170,113,318,244,0 273,360,357,436,0 376,184,487,282,0 429,33,547,139,0
/home/jasper/Datasets/Day/JPEGImages/0206.jpg 1,99,154,254,0 140,194,283,344,0 98,328,221,436,0 325,289,450,417,0 390,339,615,480,0
/home/jasper/Datasets/Day/JPEGImages/0209.jpg 345,314,525,467,0 1,448,55,480,0
/home/jasper/Datasets/Day/JPEGImages/0210.jpg 1,190,77,420,0 122,194,336,410,0 386,208,587,383,0 539,261,640,440,0
/home/jasper/Datasets/Day/JPEGImages/0213.jpg 119,44,135,58,0 103,281,121,297,0 134,300,151,315,0 191,5,212,28,0 216,23,240,47,0 198,22,217,41,0 200,38,220,59,0 190,57,207,73,0 204,62,227,84,0 245,85,267,108,0 232,94,247,110,0 175,83,192,100,0 189,115,208,133,0 208,100,222,114,0 182,145,195,160,0 239,134,260,152,0 222,124,235,140,0 223,143,238,158,0 220,171,242,189,0 227,195,246,216,0 239,180,257,202,0 267,143,287,163,0 298,118,317,136,0 333,125,363,155,0 332,152,351,176,0 382,143,411,169,0 274,390,295,409,0 317,356,334,376,0 369,347,388,365,0 390,364,417,388,0 414,326,431,344,0 448,272,464,287,0 494,325,537,366,0 458,326,494,360,0 411,392,434,411,0 501,230,553,271,0 493,209,521,229,0 509,160,541,188,0 554,165,588,200,0
/home/jasper/Datasets/Day/JPEGImages/0214.jpg 42,246,72,274,0 1,248,19,271,0 47,273,71,293,0 121,369,137,383,0 94,247,119,269,0 222,268,258,303,0 202,254,227,280,0 237,199,279,238,0 242,354,279,388,0 439,122,493,171,0 476,111,519,146,0 552,107,590,148,0 509,23,558,78,0 574,18,640,73,0 585,46,640,103,0
/home/jasper/Datasets/Day/JPEGImages/0217.jpg 145,325,203,390,0 184,312,230,362,0 236,307,276,352,0 280,255,321,300,0 243,229,302,283,0 194,242,244,294,0 205,183,259,240,0 177,136,236,194,0 275,190,340,248,0 248,31,303,85,0 350,51,408,111,0 426,78,475,124,0 441,1,498,54,0 621,28,640,73,0 504,219,548,257,0 481,233,524,281,0 580,147,633,201,0 625,142,640,186,0 379,162,421,202,0 418,181,454,218,0 411,239,453,279,0 459,207,493,239,0 394,294,435,334,0
/home/jasper/Datasets/Day/JPEGImages/0218.jpg 227,80,305,155,0 96,237,192,330,0 141,310,231,404,0 194,385,301,471,0 262,317,365,398,0 380,98,491,200,0 531,38,621,120,0 508,153,598,236,0 427,265,506,335,0 468,321,548,381,0 91,390,203,477,0
/home/jasper/Datasets/Day/JPEGImages/0221.jpg 304,313,511,475,0 220,322,335,433,0 227,289,327,372,0 1,255,77,480,0
/home/jasper/Datasets/Day/JPEGImages/0222.jpg 1,187,172,480,0 95,348,366,480,0 431,318,589,457,0
/home/jasper/Datasets/Day/JPEGImages/0225.jpg 151,1,196,20,0 1,278,15,304,0 1,302,10,325,0 37,274,58,297,0 66,403,81,421,0 52,416,70,430,0 189,218,223,253,0 153,273,180,300,0 174,285,208,318,0 197,367,231,404,0 453,1,510,27,0 535,18,584,60,0 432,32,483,89,0 464,105,507,152,0 412,110,458,153,0 372,126,426,181,0
/home/jasper/Datasets/Day/JPEGImages/0226.jpg 1,5,7,51,0 1,148,46,194,0 295,276,343,330,0 333,256,374,304,0 383,247,430,295,0 344,186,398,237,0 351,129,404,186,0 331,81,388,136,0 328,179,368,231,0 388,1,443,36,0 521,1,587,53,0 591,29,640,69,0 530,105,573,148,0 544,133,607,187,0 617,184,640,230,0 537,243,565,275,0 587,321,618,359,0 48,418,95,462,0
/home/jasper/Datasets/Day/JPEGImages/0229.jpg 498,165,605,273,0 588,131,640,258,0 577,1,640,92,0
/home/jasper/Datasets/Day/JPEGImages/0230.jpg 3,185,29,212,0 98,185,125,210,0 79,199,109,227,0 44,206,71,234,0 21,203,46,228,0 9,219,34,240,0 1,225,12,245,0 85,234,121,263,0 57,242,84,268,0 16,306,35,332,0 103,253,137,278,0 134,243,170,274,0 120,271,152,297,0 116,296,141,322,0 140,295,176,324,0 112,322,136,346,0 149,358,175,382,0 154,400,180,423,0 189,325,219,356,0 220,304,257,342,0 192,368,223,396,0 210,384,237,412,0 214,403,243,432,0 240,372,273,401,0 286,372,326,408,0 205,194,252,233,0 426,329,495,395,0 277,58,333,105,0 351,342,386,380,0
/home/jasper/Datasets/Day/JPEGImages/0233.jpg 31,316,71,350,0 175,11,222,56,0 174,262,206,298,0 210,260,247,293,0 181,308,211,343,0 203,325,240,361,0 224,298,252,329,0 226,408,262,446,0 508,1,568,53,0 480,52,546,109,0 505,121,554,171,0 567,33,615,82,0 568,235,620,286,0
/home/jasper/Datasets/Day/JPEGImages/0234.jpg 283,219,325,261,0 238,305,282,353,0 256,347,298,394,0 244,402,297,452,0 310,371,357,413,0 368,1,402,22,0 412,69,458,111,0 384,152,426,192,0 366,218,422,268,0 442,177,483,218,0 427,238,472,280,0 408,300,447,342,0 429,330,460,361,0 468,344,498,374,0 512,345,548,375,0 495,368,528,399,0 588,290,626,331,0 562,278,607,319,0 601,260,640,303,0 575,178,618,217,0 561,107,607,151,0 531,101,568,135,0 557,74,590,108,0 521,39,567,79,0 465,72,506,114,0 549,1,597,39,0
/home/jasper/Datasets/Day/JPEGImages/0237.jpg 1,26,37,71,0 73,98,108,133,0 1,1,34,23,0 90,381,150,440,0 173,342,241,405,0 152,142,209,195,0 254,238,309,290,0 276,314,329,361,0 290,1,333,42,0 266,46,324,103,0 322,64,373,104,0 224,116,277,165,0 307,101,364,156,0 355,93,417,146,0 418,161,472,210,0 454,268,525,330,0 499,234,564,287,0 511,278,571,326,0 536,175,601,233,0 587,259,640,363,0
/home/jasper/Datasets/Day/JPEGImages/0238.jpg 224,25,302,92,0 104,131,200,215,0 1,191,75,258,0 1,415,79,480,0 1,378,11,422,0 162,391,234,455,0 248,124,322,192,0 247,247,311,310,0 306,254,369,312,0 384,258,443,312,0 373,312,428,358,0 459,239,522,294,0 428,277,510,341,0 595,1,640,50,0 549,50,630,124,0 499,105,573,176,0 532,107,610,180,0 146,31,206,86,0
/home/jasper/Datasets/Day/JPEGImages/0241.jpg 250,1,431,152,0 311,133,481,308,0 488,223,580,312,0 266,300,421,447,0
/home/jasper/Datasets/Day/JPEGImages/0242.jpg 223,1,474,116,0 311,100,551,339,0 213,328,442,478,0 504,280,640,397,0
/home/jasper/Datasets/Day/JPEGImages/0245.jpg 269,20,640,381,0 1,1,317,216,0
/home/jasper/Datasets/Day/JPEGImages/0246.jpg 44,1,374,179,0 330,24,640,310,0
/home/jasper/Datasets/Day/JPEGImages/0249.jpg 294,181,405,293,0 196,221,301,324,0 77,286,197,398,0 90,398,200,480,0 181,326,288,438,0 274,292,382,397,0 347,368,441,453,0 237,403,356,480,0 524,253,550,276,0 605,233,630,254,0
/home/jasper/Datasets/Day/JPEGImages/0250.jpg 141,379,160,396,0 407,166,422,179,0 427,201,444,217,0 569,72,592,92,0 603,37,628,58,0 615,105,640,130,0 611,152,640,177,0 597,174,623,198,0
/home/jasper/Datasets/Day/JPEGImages/0253.jpg 38,1,90,30,0 131,26,176,76,0 1,339,25,373,0 173,271,205,304,0 174,311,205,341,0 162,338,202,376,0 143,328,162,355,0 115,337,126,348,0 193,420,226,452,0 453,13,506,65,0 436,1,482,24,0 517,62,547,90,0 454,132,499,176,0 618,124,640,161,0 531,246,565,280,0
/home/jasper/Datasets/Day/JPEGImages/0254.jpg 1,9,27,53,0 25,148,74,197,0 74,398,120,452,0 394,1,440,38,0 336,87,388,141,0 361,133,408,181,0 372,236,418,288,0 414,163,452,203,0 451,348,492,389,0 527,231,562,269,0 566,315,599,348,0 615,352,640,379,0 602,181,640,217,0 627,166,640,202,0 522,104,560,142,0 537,125,573,163,0 581,31,618,68,0 518,5,574,52,0 606,1,640,23,0
/home/jasper/Datasets/Day/JPEGImages/0257.jpg 473,66,519,108,0 493,266,529,298,0 492,306,527,338,0 427,310,460,339,0 429,333,462,358,0 452,326,477,350,0 441,190,479,222,0 479,210,517,244,0 443,250,484,288,0 260,398,277,416,0 304,420,324,439,0 394,266,420,293,0 391,241,427,274,0 360,160,392,189,0 347,132,376,158,0 365,111,398,142,0 330,159,361,189,0 336,216,361,238,0 368,198,385,218,0 401,197,427,218,0 334,254,354,273,0 311,176,334,196,0 322,90,353,121,0 331,116,357,136,0 275,54,301,81,0 248,45,270,65,0 297,17,325,40,0 317,55,340,80,0 345,46,373,72,0 217,145,239,167,0 237,59,260,82,0 235,23,258,47,0 210,61,231,83,0 183,11,199,26,0 82,103,93,112,0
/home/jasper/Datasets/Day/JPEGImages/0258.jpg 343,183,358,199,0 365,216,383,232,0 476,382,495,394,0 97,425,115,442,0 537,362,558,382,0 479,79,501,96,0 507,43,530,64,0 540,40,564,60,0 560,1,595,25,0 546,1,566,8,0 606,50,638,80,0 574,43,594,62,0 541,81,563,98,0 521,105,547,126,0 522,146,552,171,0 536,169,558,189,0 514,170,538,193,0 568,106,594,128,0 594,128,629,158,0 568,162,603,190,0 569,198,587,214,0
/home/jasper/Datasets/Day/JPEGImages/0261.jpg 4,1,56,48,0 94,48,140,89,0 137,280,176,318,0 81,359,92,371,0 111,337,145,369,0 137,349,177,383,0 153,319,183,354,0 167,432,201,458,0 268,415,276,426,0 271,373,278,380,0 458,66,498,103,0 416,141,460,183,0 604,315,638,349,0 568,127,605,165,0 577,1,630,42,0 605,217,634,252,0 83,1,134,45,0 486,247,526,286,0
/home/jasper/Datasets/Day/JPEGImages/0262.jpg 1,452,36,480,0 212,162,248,198,0 248,90,290,134,0 338,37,367,64,0 369,58,397,88,0 402,80,433,108,0 439,89,473,122,0 418,107,459,144,0 372,224,415,264,0 337,228,374,272,0 343,152,381,186,0 369,180,407,222,0 424,258,462,292,0 412,285,445,319,0 434,321,471,357,0 401,322,430,351,0 377,374,411,412,0 416,384,448,408,0 317,408,348,435,0 320,377,347,406,0 182,401,190,407,0 542,14,591,56,0 501,26,545,69,0 598,1,640,42,0 591,85,634,126,0 551,105,597,145,0 625,171,640,212,0 537,210,573,250,0 559,227,603,267,0 572,333,610,366,0
/home/jasper/Datasets/Day/JPEGImages/0265.jpg 71,15,468,448,0 1,228,322,480,0
/home/jasper/Datasets/Day/JPEGImages/0266.jpg 1,1,399,480,0 1,1,364,151,0
/home/jasper/Datasets/Day/JPEGImages/0269.jpg 480,178,500,197,0 502,384,532,410,0 294,283,313,301,0 257,269,274,286,0 369,133,398,161,0 390,128,411,147,0 418,146,435,162,0 404,87,440,123,0 523,1,570,29,0 321,2,360,29,0 359,40,382,62,0 346,96,370,122,0 366,102,393,130,0 337,86,358,107,0 337,69,356,88,0 294,54,316,77,0 295,94,316,116,0 263,17,285,42,0 182,1,207,30,0
/home/jasper/Datasets/Day/JPEGImages/0270.jpg 474,295,514,334,0 438,296,474,330,0 412,309,431,327,0 450,257,464,269,0 375,337,406,360,0 359,321,384,343,0 365,371,388,399,0 480,199,524,240,0 473,172,498,201,0 532,130,574,169,0 326,102,357,132,0 325,130,347,152,0 269,122,286,139,0 139,279,154,295,0 109,262,123,276,0 226,175,248,194,0 241,173,261,191,0 215,150,238,171,0 236,114,260,134,0 246,65,270,90,0 232,78,248,94,0 194,96,211,112,0 182,126,201,144,0 209,43,230,64,0 195,38,210,56,0 204,20,223,39,0 220,4,243,28,0 201,4,221,21,0 194,1,216,8,0 124,24,141,41,0
/home/jasper/Datasets/Day/JPEGImages/0273.jpg 189,225,227,265,0 177,442,184,451,0 199,1,247,25,0 226,146,274,190,0 282,1,339,42,0 357,14,406,59,0 321,92,351,125,0 355,114,390,148,0 387,118,417,148,0 397,139,425,169,0 430,144,466,178,0 410,161,453,200,0 362,292,407,337,0 420,367,455,406,0 494,79,543,122,0 541,64,591,111,0 596,37,640,89,0 530,1,577,16,0 558,164,600,208,0 596,143,640,189,0 518,102,559,137,0 540,272,583,316,0 564,289,609,339,0
/home/jasper/Datasets/Day/JPEGImages/0274.jpg 168,76,224,138,0 200,281,260,332,0 141,397,197,449,0 274,106,343,169,0 325,218,386,284,0 367,132,425,187,0 393,40,454,105,0 411,270,457,317,0 438,298,492,356,0 466,286,514,332,0 586,64,640,125,0 609,187,640,247,0 580,219,633,276,0 616,266,640,326,0 588,1,640,20,0 314,3,375,52,0
/home/jasper/Datasets/Day/JPEGImages/0277.jpg 338,136,353,152,0 100,408,120,427,0 360,166,375,182,0 458,310,479,329,0 581,324,622,354,0 602,353,640,385,0 631,305,640,325,0 491,97,518,122,0 559,51,591,77,0 539,82,569,112,0 502,85,530,115,0 496,67,525,92,0 499,44,524,67,0 508,14,534,37,0 537,34,558,52,0 589,3,614,24,0 572,1,588,11,0 488,1,511,11,0 464,21,485,42,0
/home/jasper/Datasets/Day/JPEGImages/0278.jpg 438,93,484,139,0 515,1,572,46,0 519,318,565,361,0 382,338,391,348,0 398,297,405,305,0 189,346,224,381,0 161,366,188,393,0 165,266,200,300,0 151,238,182,267,0 181,201,214,231,0 43,246,73,270,0 1,252,22,280,0 1,277,20,304,0 85,378,101,392,0 69,388,88,403,0
/home/jasper/Datasets/Day/JPEGImages/0281.jpg 139,1,259,59,0 149,351,224,414,0 355,347,497,446,0 517,285,640,415,0 311,62,455,197,0
/home/jasper/Datasets/Day/JPEGImages/0282.jpg 359,1,585,115,0
/home/jasper/Datasets/Day/JPEGImages/0285.jpg 101,211,115,224,0 129,227,143,241,0 168,80,182,94,0 177,50,191,68,0 173,1,188,9,0 186,1,207,16,0 218,12,237,33,0 211,27,222,38,0 210,59,230,78,0 203,90,220,108,0 202,117,224,142,0 279,36,307,65,0 277,64,296,84,0 386,192,417,225,0 425,213,435,224,0 340,188,353,201,0 354,183,367,195,0 360,199,376,218,0 317,251,335,269,0 308,283,333,309,0 248,308,265,323,0 337,272,360,295,0 380,306,403,333,0 348,309,368,327,0 383,95,424,136,0 610,353,636,378,0
/home/jasper/Datasets/Day/JPEGImages/0286.jpg 111,283,145,316,0 81,205,119,238,0 5,188,29,211,0 63,413,87,436,0 83,388,105,409,0 64,379,80,397,0 141,396,168,422,0 282,44,325,90,0 350,339,389,380,0 411,343,438,371,0 452,352,484,378,0 440,384,460,407,0 516,362,550,392,0 510,261,544,295,0 516,102,552,136,0 562,1,618,29,0 548,12,610,67,0 475,3,524,40,0 599,368,615,382,0 497,326,522,349,0
/home/jasper/Datasets/Day/JPEGImages/0289.jpg 1,26,62,83,0 124,1,179,28,0 101,53,158,103,0 75,134,121,173,0 126,157,167,200,0 1,199,42,238,0 144,219,181,256,0 127,280,157,308,0 193,190,227,225,0 206,201,250,239,0 205,219,253,264,0 196,303,230,338,0 376,367,417,423,0 360,341,395,378,0 445,281,488,333,0 484,330,533,381,0 568,321,603,360,0 594,316,640,369,0 565,261,604,302,0 602,207,634,243,0 614,150,640,201,0 558,143,607,189,0 389,197,438,249,0 360,230,399,267,0 420,179,453,210,0 351,189,390,220,0 336,148,367,180,0 284,133,337,183,0 309,1,360,47,0 391,85,444,139,0 427,58,466,93,0
/home/jasper/Datasets/Day/JPEGImages/0290.jpg 263,1,339,63,0 1,1,73,33,0 1,73,29,146,0 3,204,56,271,0 23,294,74,355,0 1,379,19,435,0 104,274,169,331,0 90,251,153,308,0 108,294,181,361,0 227,171,300,245,0 304,194,353,244,0 308,248,376,309,0 332,303,395,374,0 374,271,449,343,0 400,239,469,300,0 378,109,459,187,0 315,85,379,147,0 623,180,640,267,0
/home/jasper/Datasets/Day/JPEGImages/0293.jpg 1,1,91,182,0 1,169,81,358,0 155,193,317,348,0 316,205,523,397,0 40,1,236,173,0
/home/jasper/Datasets/Day/JPEGImages/0294.jpg 57,1,252,155,0 1,22,82,121,0 21,82,160,218,0 88,136,222,273,0 191,1,338,122,0 232,165,380,290,0 393,177,548,308,0 434,350,546,431,0
/home/jasper/Datasets/Day/JPEGImages/0297.jpg 126,309,144,328,0 351,81,364,95,0 369,108,385,122,0 457,237,475,254,0 494,20,516,44,0 605,137,621,154,0 622,138,639,153,0 569,207,591,230,0 576,227,612,257,0 548,259,577,284,0 590,262,614,290,0 587,303,617,333,0 622,325,640,357,0
/home/jasper/Datasets/Day/JPEGImages/0298.jpg 141,1,162,10,0 137,8,153,26,0 79,7,93,21,0 150,14,170,32,0 182,32,200,48,0 174,45,189,58,0 243,52,268,78,0 243,77,264,96,0 141,68,156,83,0 179,75,193,89,0 133,98,147,112,0 157,108,172,124,0 170,137,189,153,0 69,234,83,246,0 96,248,112,261,0 222,323,238,338,0 352,114,380,143,0 310,200,322,214,0 324,195,337,207,0 354,197,386,229,0 294,262,311,281,0 282,293,304,316,0 302,281,326,304,0 348,309,377,339,0 569,328,603,360,0 598,364,640,402,0
/home/jasper/Datasets/Day/JPEGImages/0301.jpg 1,1,50,38,0 1,37,36,76,0 41,55,72,93,0 101,90,136,121,0 93,83,119,114,0 102,106,142,144,0 52,102,91,139,0 20,144,61,175,0 103,178,132,206,0 21,233,53,268,0 20,336,60,368,0 25,408,67,448,0 112,380,147,410,0 72,382,103,414,0 167,377,207,417,0 142,299,174,330,0 168,35,202,78,0 208,53,238,79,0 238,87,281,128,0 275,82,302,109,0 224,116,258,144,0 292,161,329,200,0 238,223,278,263,0 286,209,317,239,0 318,268,347,295,0 325,300,359,333,0 310,366,332,395,0 303,426,316,438,0 241,430,252,440,0 402,375,428,403,0 405,288,441,329,0 417,350,451,385,0 404,230,434,266,0 425,247,455,282,0 391,188,416,224,0 402,182,439,224,0 381,126,417,167,0 401,88,437,128,0 419,50,460,92,0 373,44,413,82,0 474,190,515,234,0 491,236,522,265,0 468,247,502,281,0 486,345,533,386,0 251,9,279,42,0
/home/jasper/Datasets/Day/JPEGImages/0302.jpg 69,1,116,15,0 120,1,182,35,0 176,33,215,68,0 141,79,199,138,0 30,298,81,342,0 27,269,80,321,0 1,309,35,360,0 36,307,96,362,0 41,405,79,444,0 122,226,178,284,0 178,239,229,279,0 190,276,238,320,0 216,302,282,361,0 199,337,244,378,0 263,269,317,321,0 295,385,347,441,0 418,238,474,295,0 480,239,543,303,0 455,300,509,351,0 474,124,517,168,0 274,141,317,186,0 239,177,286,233,0
/home/jasper/Datasets/Day/JPEGImages/0305.jpg 276,1,465,101,0 111,358,225,462,0 353,338,515,451,0
/home/jasper/Datasets/Day/JPEGImages/0306.jpg 323,12,430,110,0 511,202,640,339,0
/home/jasper/Datasets/Day/JPEGImages/0309.jpg 81,1,96,18,0 86,22,105,38,0 74,16,88,30,0 22,19,37,33,0 82,75,96,89,0 115,37,123,48,0 112,48,121,58,0 75,103,89,117,0 110,136,128,153,0 139,113,156,128,0 171,48,192,69,0 172,72,188,85,0 18,239,32,252,0 46,253,61,265,0 208,189,219,201,0 272,168,298,196,0 259,86,287,115,0 251,180,267,197,0 217,290,230,303,0 216,270,240,293,0 283,276,305,302,0 299,260,315,274,0 257,285,277,305,0 438,118,450,130,0 462,284,505,328,0 446,362,486,400,0 559,332,598,366,0 521,297,561,332,0 515,209,553,252,0
/home/jasper/Datasets/Day/JPEGImages/0310.jpg 119,59,160,98,0 1,298,22,331,0 46,414,62,429,0 28,414,53,437,0 1,458,16,472,0 68,361,81,378,0 152,242,162,252,0 210,325,248,361,0 217,398,251,432,0 289,323,317,350,0 250,310,282,342,0 232,256,260,285,0 221,292,247,317,0 180,1,221,32,0 226,168,255,195,0 237,64,279,99,0 267,12,312,50,0 329,1,369,38,0 330,16,379,64,0 325,103,352,137,0 335,242,364,272,0 347,329,386,373,0 253,407,272,425,0 297,429,319,448,0 367,399,396,422,0 430,348,445,362,0 538,295,579,337,0 448,182,493,231,0 508,168,558,210,0 541,121,590,168,0 489,11,553,64,0 462,46,500,83,0 546,2,598,45,0 515,378,559,407,0
/home/jasper/Datasets/Day/JPEGImages/0313.jpg 82,1,183,85,0 37,232,137,329,0 141,255,226,330,0 157,327,242,409,0 189,371,326,480,0 272,322,376,412,0 295,67,419,176,0 228,148,344,256,0
/home/jasper/Datasets/Day/JPEGImages/0314.jpg 15,172,158,306,0 315,4,479,128,0 293,65,432,204,0 162,218,262,309,0 167,312,288,395,0 198,353,420,480,0 343,299,458,414,0
/home/jasper/Datasets/Day/JPEGImages/0317.jpg 1,190,216,415,0 1,405,134,480,0 289,1,598,110,0 415,346,621,457,0
/home/jasper/Datasets/Day/JPEGImages/0318.jpg 301,1,621,99,0 1,178,258,397,0 1,370,254,480,0 392,349,640,480,0
/home/jasper/Datasets/Day/JPEGImages/0321.jpg 1,217,46,296,0 1,55,26,136,0 31,244,108,316,0 1,395,65,471,0 112,231,199,318,0 205,312,302,408,0 299,244,398,332,0 254,245,342,317,0 310,277,425,376,0 402,25,537,135,0 514,23,628,136,0
/home/jasper/Datasets/Day/JPEGImages/0322.jpg 1,414,22,435,0 1,442,27,468,0 371,130,461,209,0 438,1,555,47,0
/home/jasper/Datasets/Day/JPEGImages/0325.jpg 16,125,41,150,0 43,119,75,144,0 19,147,38,166,0 1,196,20,215,0 114,145,142,172,0 164,170,195,196,0 135,222,165,254,0 68,266,83,282,0 45,403,66,423,0 92,371,109,385,0 94,337,118,359,0 112,319,131,336,0 137,347,159,365,0 163,332,188,357,0 181,322,195,338,0 279,1,322,38,0 332,292,368,330,0 330,362,364,402,0 363,372,387,397,0 384,392,415,421,0 476,326,521,373,0 377,286,411,319,0 418,311,448,338,0 364,218,398,251,0 349,262,377,288,0 389,240,419,269,0 368,116,409,162,0 497,62,535,103,0 532,1,589,20,0 477,225,517,258,0 504,208,538,249,0 567,328,583,341,0 304,300,327,324,0
/home/jasper/Datasets/Day/JPEGImages/0326.jpg 67,36,108,71,0 10,107,50,145,0 121,360,159,399,0 131,321,157,347,0 139,287,168,316,0 169,338,197,369,0 204,347,233,374,0 264,343,296,385,0 289,350,304,367,0 284,407,315,438,0 339,380,351,392,0 233,255,269,297,0 250,249,284,276,0 124,196,158,228,0 157,189,196,225,0 220,136,244,166,0 217,55,260,100,0 214,43,251,73,0 214,34,245,58,0 162,1,196,35,0 171,59,200,92,0 132,106,170,143,0 286,1,325,28,0 338,1,369,28,0 340,33,373,64,0 352,42,401,94,0 342,82,379,122,0 400,26,441,65,0 340,196,383,238,0 407,139,448,182,0 396,182,432,222,0 424,248,454,281,0 432,292,464,330,0 400,291,430,317,0 599,1,640,56,0 534,134,566,165,0 529,177,555,210,0 538,167,589,215,0 532,219,573,260,0 555,247,594,292,0 533,293,568,332,0
/home/jasper/Datasets/Day/JPEGImages/0329.jpg 55,50,160,160,0 1,180,72,264,0 1,238,84,314,0 1,264,117,373,0 1,326,87,407,0 135,236,218,312,0 500,172,613,278,0 484,1,560,59,0
/home/jasper/Datasets/Day/JPEGImages/0330.jpg 445,1,600,116,0 334,304,446,402,0 1,351,105,480,0 1,23,80,205,0
/home/jasper/Datasets/Day/JPEGImages/0333.jpg 134,165,146,178,0 157,180,171,195,0 266,261,281,278,0 387,135,419,168,0 330,206,355,235,0 317,232,336,256,0 351,253,368,271,0 378,250,402,275,0 399,225,411,240,0 438,185,453,199,0 588,301,640,348,0 566,276,600,313,0 387,30,429,75,0 302,15,320,31,0 303,1,319,17,0 229,73,248,89,0 262,55,279,74,0 200,34,216,49,0 209,7,224,23,0 240,12,254,28,0
/home/jasper/Datasets/Day/JPEGImages/0334.jpg 233,10,277,54,0 69,164,102,194,0 3,144,33,170,0 97,242,126,271,0 27,295,41,311,0 60,332,88,359,0 56,362,79,384,0 9,435,27,453,0 117,354,150,383,0 298,298,333,336,0 274,309,295,332,0 302,369,333,404,0 292,398,315,423,0 333,376,359,400,0 352,396,383,422,0 382,310,411,338,0 346,292,376,323,0 437,319,482,368,0 525,330,541,344,0 584,176,637,235,0 434,217,472,261,0 468,1,523,28,0 443,73,478,108,0 310,226,365,284,0
/home/jasper/Datasets/Day/JPEGImages/0337.jpg 229,122,346,233,0
/home/jasper/Datasets/Day/JPEGImages/0338.jpg 1,118,136,240,0 145,341,314,480,0
/home/jasper/Datasets/Day/JPEGImages/0341.jpg 471,202,513,243,0 439,203,468,228,0 451,273,489,311,0 433,300,457,327,0 518,209,557,243,0 551,242,591,280,0 612,282,640,331,0 511,347,551,388,0 505,324,536,352,0 491,300,516,321,0 464,331,492,352,0 466,341,495,370,0 204,419,224,438,0 226,235,246,255,0 125,164,140,179,0 102,150,114,163,0 318,199,344,224,0 355,199,364,212,0 311,211,325,229,0 272,219,286,232,0 287,174,302,197,0 267,187,291,208,0 276,121,290,135,0 319,86,346,115,0 188,54,204,71,0 202,54,215,71,0 220,30,235,48,0 178,23,193,39,0 161,19,177,35,0 171,1,197,12,0 216,4,232,23,0
/home/jasper/Datasets/Day/JPEGImages/0342.jpg 1,148,19,175,0 9,101,36,126,0 15,223,46,252,0 49,328,76,354,0 30,342,51,364,0 48,369,64,385,0 5,390,21,404,0 1,344,11,364,0 2,322,20,342,0 113,1,153,38,0 189,263,222,296,0 175,264,197,294,0 191,329,226,362,0 190,356,216,383,0 190,109,221,141,0 283,48,322,82,0 299,1,337,9,0 224,2,269,30,0 303,192,333,218,0 305,269,344,315,0 334,269,360,295,0 221,251,248,281,0 252,266,276,290,0 227,342,258,369,0 223,375,246,393,0 229,386,254,415,0 259,365,287,392,0 265,384,289,409,0 322,344,350,373,0 301,407,340,442,0 317,380,351,409,0 377,337,392,353,0 380,348,396,366,0 424,1,470,16,0 410,1,439,21,0 396,138,431,186,0 483,73,531,116,0 455,124,502,171,0 600,144,640,184,0 603,204,640,244,0 560,276,607,324,0 469,249,515,300,0 430,298,469,348,0
/home/jasper/Datasets/Day/JPEGImages/0345.jpg 211,142,308,230,0 1,355,57,436,0 258,348,355,446,0 1,167,44,248,0
/home/jasper/Datasets/Day/JPEGImages/0346.jpg 391,121,433,160,0 419,224,463,262,0 451,360,484,390,0 359,339,384,364,0 364,305,384,326,0 383,327,406,349,0 298,376,317,391,0 160,306,174,319,0 126,294,143,308,0 207,194,228,210,0 223,189,240,205,0 266,122,288,142,0 236,168,255,183,0 261,99,287,122,0 191,97,202,110,0 194,110,205,123,0 165,166,181,182,0 164,132,174,143,0 167,138,179,151,0 184,143,198,156,0 158,85,178,103,0 143,83,159,98,0 144,66,165,84,0 156,52,179,70,0 131,40,152,59,0 139,55,154,68,0 94,93,109,106,0 115,23,133,39,0 97,31,116,45,0 80,33,96,48,0 95,7,114,24,0 138,12,155,29,0
/home/jasper/Datasets/Day/JPEGImages/0349.jpg 183,57,293,166,0 147,219,251,322,0 315,326,391,404,0
/home/jasper/Datasets/Day/JPEGImages/0350.jpg 264,146,319,201,0 231,12,296,74,0 20,41,90,106,0 1,183,42,226,0 1,194,58,250,0 1,224,37,270,0 66,175,114,216,0 100,276,146,331,0 32,365,80,415,0 103,324,155,380,0 242,244,288,302,0 246,313,298,365,0 270,365,314,410,0 371,360,420,406,0 631,162,640,205,0
