/home/jasper/Datasets/Night/JPEGImages/0001.jpg 88,178,129,221,0 358,77,404,121,0 405,1,436,26,0 324,1,366,26,0 222,54,247,80,0 213,156,241,187,0 175,148,201,173,0 250,137,274,158,0 373,278,401,310,0 406,319,438,348,0 330,219,357,257,0 141,223,166,253,0 171,190,200,224,0 131,401,170,442,0
/home/jasper/Datasets/Night/JPEGImages/0002.jpg 136,80,183,126,0 17,163,48,195,0 141,283,178,324,0 189,320,232,363,0 449,59,485,94,0 442,136,486,179,0 489,240,525,274,0 453,329,491,365,0 516,336,554,368,0
/home/jasper/Datasets/Night/JPEGImages/0005.jpg 334,12,510,171,0 362,340,575,444,0
/home/jasper/Datasets/Night/JPEGImages/0006.jpg 72,1,404,136,0
/home/jasper/Datasets/Night/JPEGImages/0009.jpg 108,1,386,176,0
/home/jasper/Datasets/Night/JPEGImages/0010.jpg 218,1,476,143,0
/home/jasper/Datasets/Night/JPEGImages/0013.jpg 308,128,350,164,0 319,274,378,327,0 602,259,640,319,0
/home/jasper/Datasets/Night/JPEGImages/0014.jpg 321,236,389,306,0
/home/jasper/Datasets/Night/JPEGImages/0017.jpg 289,128,331,165,0 111,224,152,264,0 261,316,305,356,0 391,157,437,198,0 562,126,626,169,0 428,231,468,272,0
/home/jasper/Datasets/Night/JPEGImages/0018.jpg 318,131,365,176,0 406,148,446,195,0 347,229,395,277,0 398,296,446,340,0 189,231,227,273,0 29,121,74,167,0 19,242,52,283,0 26,316,67,359,0
/home/jasper/Datasets/Night/JPEGImages/0021.jpg 1,79,24,125,0 1,154,30,204,0 14,298,58,339,0 263,207,304,247,0 309,240,345,273,0 268,343,312,385,0 315,366,360,408,0 267,446,307,480,0 458,19,512,71,0 508,316,554,361,0
/home/jasper/Datasets/Night/JPEGImages/0022.jpg 253,315,315,373,0 501,95,570,159,0
/home/jasper/Datasets/Night/JPEGImages/0025.jpg 249,375,475,480,0
/home/jasper/Datasets/Night/JPEGImages/0026.jpg 179,339,433,480,0
/home/jasper/Datasets/Night/JPEGImages/0029.jpg 357,201,408,237,0 404,236,454,266,0 349,355,400,388,0 413,375,461,409,0 602,8,640,55,0 82,140,119,173,0 47,204,79,233,0 111,274,152,314,0
/home/jasper/Datasets/Night/JPEGImages/0030.jpg 262,205,303,242,0 1,85,26,124,0 1,161,32,201,0 18,299,59,339,0 270,343,310,385,0 308,232,346,269,0 316,362,363,404,0 267,444,305,480,0 460,18,509,71,0 441,256,494,299,0 510,314,555,360,0
/home/jasper/Datasets/Night/JPEGImages/0033.jpg 448,92,516,159,0
/home/jasper/Datasets/Night/JPEGImages/0034.jpg 457,62,561,161,0
/home/jasper/Datasets/Night/JPEGImages/0037.jpg 105,25,160,73,0 38,372,79,410,0 1,362,21,396,0 1,455,25,480,0 214,394,247,424,0 409,33,461,87,0 433,368,465,398,0 498,278,537,319,0 551,235,597,278,0 519,125,568,174,0
/home/jasper/Datasets/Night/JPEGImages/0038.jpg 101,23,161,72,0 42,374,81,410,0 1,355,11,397,0 1,455,29,480,0 212,394,246,427,0 404,29,459,87,0 440,369,469,398,0 501,283,538,321,0 551,233,595,278,0 518,123,566,173,0
/home/jasper/Datasets/Night/JPEGImages/0041.jpg 1,135,191,372,0
/home/jasper/Datasets/Night/JPEGImages/0042.jpg 1,126,199,345,0
/home/jasper/Datasets/Night/JPEGImages/0045.jpg 280,126,324,173,0 160,31,193,69,0 1,393,22,433,0 329,235,369,273,0 537,175,589,219,0
/home/jasper/Datasets/Night/JPEGImages/0046.jpg 129,106,167,148,0 274,216,323,276,0 335,351,376,403,0 596,281,640,346,0
/home/jasper/Datasets/Night/JPEGImages/0049.jpg 44,1,286,131,0
/home/jasper/Datasets/Night/JPEGImages/0050.jpg 1,1,72,57,0 293,5,359,58,0 409,100,483,162,0 93,360,131,398,0 452,233,508,276,0
/home/jasper/Datasets/Night/JPEGImages/0053.jpg 86,361,231,480,0 571,301,640,388,0 532,130,620,215,0
/home/jasper/Datasets/Night/JPEGImages/0054.jpg 74,354,164,431,0 398,230,451,281,0 384,348,505,429,0
/home/jasper/Datasets/Night/JPEGImages/0057.jpg 71,407,175,480,0
/home/jasper/Datasets/Night/JPEGImages/0058.jpg 70,31,122,84,0 189,127,233,173,0 249,232,289,273,0 583,229,626,272,0 607,171,640,215,0
/home/jasper/Datasets/Night/JPEGImages/0061.jpg 304,359,349,411,0 573,165,631,224,0 592,323,635,373,0
/home/jasper/Datasets/Night/JPEGImages/0062.jpg 23,394,68,436,0 72,396,109,431,0 268,429,294,458,0 518,256,559,294,0
/home/jasper/Datasets/Night/JPEGImages/0065.jpg 320,322,364,371,0
/home/jasper/Datasets/Night/JPEGImages/0066.jpg 534,373,572,405,0 577,287,620,330,0
/home/jasper/Datasets/Night/JPEGImages/0069.jpg 442,98,487,143,0 487,175,531,221,0 472,241,517,289,0 434,366,473,400,0 422,337,452,366,0 281,382,312,417,0 264,280,284,303,0
/home/jasper/Datasets/Night/JPEGImages/0070.jpg 338,103,383,144,0 384,174,426,222,0 373,246,411,287,0 340,364,376,398,0 191,381,220,415,0 393,272,423,302,0 557,203,613,256,0
/home/jasper/Datasets/Night/JPEGImages/0073.jpg 90,126,137,171,0 154,201,197,248,0 140,273,181,317,0 171,296,205,328,0 124,394,162,435,0 148,452,189,480,0 409,326,446,364,0 344,240,382,280,0 511,240,538,262,0 574,133,620,181,0 502,71,536,104,0 120,17,144,44,0
/home/jasper/Datasets/Night/JPEGImages/0074.jpg 59,188,120,239,0 125,283,178,337,0 116,365,169,419,0 374,325,410,357,0 558,324,589,353,0
/home/jasper/Datasets/Night/JPEGImages/0077.jpg 295,74,582,339,0 1,29,151,338,0
/home/jasper/Datasets/Night/JPEGImages/0078.jpg 305,72,581,340,0
/home/jasper/Datasets/Night/JPEGImages/0081.jpg 1,76,210,344,0 436,57,604,229,0
/home/jasper/Datasets/Night/JPEGImages/0082.jpg 141,71,327,260,0 479,61,603,187,0 579,276,640,384,0
/home/jasper/Datasets/Night/JPEGImages/0085.jpg 377,310,412,342,0 307,233,350,269,0 375,259,411,296,0 469,221,502,252,0 539,125,582,162,0 81,9,115,39,0 74,116,110,150,0 128,185,167,226,0 114,257,154,294,0 146,275,177,303,0 100,371,137,404,0 125,428,164,467,0
/home/jasper/Datasets/Night/JPEGImages/0086.jpg 39,114,79,150,0 97,191,135,231,0 82,255,124,294,0 117,274,150,305,0 76,368,114,406,0 98,430,136,467,0 273,221,315,261,0 344,310,388,348,0 344,375,386,410,0 295,374,334,407,0 307,421,344,458,0 507,119,553,165,0 425,208,468,247,0 344,255,380,287,0 355,223,389,255,0
/home/jasper/Datasets/Night/JPEGImages/0089.jpg 336,122,381,167,0 618,25,640,69,0 571,240,616,283,0 593,316,634,355,0 327,280,364,318,0 255,216,303,252,0 186,306,232,347,0 182,367,239,409,0 114,430,160,480,0 103,218,149,265,0 262,33,311,81,0
/home/jasper/Datasets/Night/JPEGImages/0090.jpg 90,8,146,53,0 98,226,127,264,0 230,124,271,165,0 245,235,286,280,0 203,272,248,312,0 243,325,273,355,0 164,373,203,414,0 148,445,192,480,0 368,331,431,383,0
/home/jasper/Datasets/Night/JPEGImages/0093.jpg 390,112,469,189,0 477,294,575,377,0 1,264,36,345,0
/home/jasper/Datasets/Night/JPEGImages/0094.jpg 94,116,138,162,0 27,207,80,253,0 106,274,148,318,0 348,3,421,74,0 423,135,467,176,0 561,225,607,268,0 566,286,604,320,0 600,309,640,344,0 568,328,617,367,0
/home/jasper/Datasets/Night/JPEGImages/0097.jpg 377,192,463,282,0
/home/jasper/Datasets/Night/JPEGImages/0098.jpg 226,72,362,225,0
/home/jasper/Datasets/Night/JPEGImages/0101.jpg 357,19,405,72,0 93,116,137,162,0 29,208,80,251,0 104,277,149,316,0 453,240,478,265,0 561,225,609,273,0 566,279,602,318,0 600,308,638,341,0 571,328,614,365,0
/home/jasper/Datasets/Night/JPEGImages/0102.jpg 91,139,135,189,0 30,235,75,279,0 359,25,422,87,0 569,250,608,289,0 574,317,605,347,0 580,357,619,387,0 608,333,640,381,0 114,305,148,342,0
/home/jasper/Datasets/Night/JPEGImages/0105.jpg 175,101,222,148,0 110,193,159,238,0 461,1,513,43,0
/home/jasper/Datasets/Night/JPEGImages/0106.jpg 92,116,137,159,0 31,210,77,254,0 8,288,40,321,0 110,276,147,312,0 352,16,403,66,0 568,329,611,364,0 603,309,639,345,0 561,228,597,261,0 574,289,603,320,0
/home/jasper/Datasets/Night/JPEGImages/0109.jpg 165,328,200,365,0 207,309,248,343,0 226,402,258,433,0 384,103,425,149,0 434,240,468,276,0 563,235,599,274,0 560,283,601,323,0 605,166,640,206,0 608,84,640,126,0
/home/jasper/Datasets/Night/JPEGImages/0110.jpg 369,116,409,151,0 146,330,184,363,0 195,307,232,342,0 210,403,245,436,0 414,239,451,277,0 590,76,640,124,0 587,165,631,206,0 545,238,582,272,0 545,289,583,322,0
/home/jasper/Datasets/Night/JPEGImages/0113.jpg 137,124,177,162,0 146,338,176,380,0 307,147,352,202,0 322,245,365,293,0 282,328,315,365,0 287,390,326,428,0 532,336,595,392,0
/home/jasper/Datasets/Night/JPEGImages/0114.jpg 54,192,127,260,0 300,237,371,312,0 319,368,390,436,0
/home/jasper/Datasets/Night/JPEGImages/0117.jpg 1,1,295,224,0
/home/jasper/Datasets/Night/JPEGImages/0118.jpg 235,1,530,115,0 509,240,640,390,0
/home/jasper/Datasets/Night/JPEGImages/0121.jpg 279,242,356,321,0 300,362,364,433,0 94,210,146,268,0
/home/jasper/Datasets/Night/JPEGImages/0122.jpg 1,288,48,376,0 287,337,401,459,0
/home/jasper/Datasets/Night/JPEGImages/0125.jpg 293,69,340,116,0 151,51,194,90,0 150,242,189,286,0 155,412,195,455,0 311,156,351,197,0 278,233,305,260,0 291,285,317,313,0 485,375,531,411,0 465,318,490,345,0 509,230,546,275,0
/home/jasper/Datasets/Night/JPEGImages/0126.jpg 168,47,208,84,0 166,407,205,455,0 171,243,201,272,0 312,71,353,116,0 322,157,364,196,0 290,233,324,266,0 301,287,329,312,0 479,323,505,349,0 520,231,559,274,0 504,359,538,393,0
/home/jasper/Datasets/Night/JPEGImages/0129.jpg 60,79,102,120,0 95,166,137,204,0 61,240,95,271,0 88,367,121,387,0 274,233,313,276,0 271,381,307,421,0
/home/jasper/Datasets/Night/JPEGImages/0130.jpg 57,78,104,120,0 93,166,137,203,0 59,240,90,269,0 91,365,122,392,0 272,238,310,275,0 268,382,304,420,0
/home/jasper/Datasets/Night/JPEGImages/0133.jpg 138,94,295,229,0
/home/jasper/Datasets/Night/JPEGImages/0134.jpg 1,367,87,480,0
/home/jasper/Datasets/Night/JPEGImages/0137.jpg 16,266,85,320,0 1,146,38,218,0 1,362,48,402,0 260,375,318,447,0
/home/jasper/Datasets/Night/JPEGImages/0138.jpg 276,1,383,107,0
/home/jasper/Datasets/Night/JPEGImages/0141.jpg 1,345,80,469,0
/home/jasper/Datasets/Night/JPEGImages/0142.jpg 162,136,301,264,0 1,1,97,68,0 189,375,302,480,0
/home/jasper/Datasets/Night/JPEGImages/0145.jpg 602,232,640,287,0 617,138,640,172,0
/home/jasper/Datasets/Night/JPEGImages/0146.jpg 257,249,314,303,0 299,405,338,468,0 595,209,640,248,0
/home/jasper/Datasets/Night/JPEGImages/0149.jpg 285,129,386,228,0 283,82,358,152,0 440,68,540,158,0 549,240,604,305,0 17,1,111,53,0
/home/jasper/Datasets/Night/JPEGImages/0150.jpg 496,11,593,100,0
/home/jasper/Datasets/Night/JPEGImages/0153.jpg 450,221,497,271,0
/home/jasper/Datasets/Night/JPEGImages/0154.jpg 254,355,306,407,0 484,329,539,373,0
/home/jasper/Datasets/Night/JPEGImages/0157.jpg 300,340,333,374,0 294,308,327,340,0 249,231,270,251,0 59,299,96,338,0 563,362,591,397,0 596,357,619,383,0
/home/jasper/Datasets/Night/JPEGImages/0158.jpg 111,28,145,65,0 94,335,132,386,0 115,371,156,411,0 374,398,407,441,0 497,335,522,359,0 509,261,541,291,0 434,253,471,285,0
/home/jasper/Datasets/Night/JPEGImages/0161.jpg 323,99,374,150,0 530,207,577,255,0 366,222,401,258,0 290,271,324,305,0 314,308,346,346,0 330,356,366,397,0 52,239,86,272,0 132,210,166,246,0 153,314,175,335,0
/home/jasper/Datasets/Night/JPEGImages/0162.jpg 119,285,152,322,0 335,164,384,221,0 388,302,423,342,0 296,353,332,397,0 579,293,634,352,0
/home/jasper/Datasets/Night/JPEGImages/0165.jpg 230,1,372,126,0 126,1,315,65,0 245,207,400,364,0
/home/jasper/Datasets/Night/JPEGImages/0166.jpg 1,1,242,174,0
/home/jasper/Datasets/Night/JPEGImages/0169.jpg 324,135,379,185,0 292,315,324,358,0 315,360,350,416,0 554,255,603,305,0 118,248,155,288,0 32,284,71,321,0
/home/jasper/Datasets/Night/JPEGImages/0170.jpg 57,337,108,388,0 339,194,405,263,0
/home/jasper/Datasets/Night/JPEGImages/0173.jpg 314,203,542,431,0 291,45,456,196,0
/home/jasper/Datasets/Night/JPEGImages/0174.jpg 402,76,513,183,0 434,154,572,306,0
/home/jasper/Datasets/Night/JPEGImages/0177.jpg 340,172,404,243,0 315,375,342,403,0 290,409,335,460,0 104,438,142,474,0 74,324,112,372,0
/home/jasper/Datasets/Night/JPEGImages/0178.jpg 319,110,418,231,0 364,148,432,215,0 393,264,437,303,0
/home/jasper/Datasets/Night/JPEGImages/0181.jpg 98,1,246,92,0 67,133,181,247,0 1,253,126,405,0
/home/jasper/Datasets/Night/JPEGImages/0182.jpg 1,1,139,171,0 37,242,176,384,0 51,430,198,480,0
/home/jasper/Datasets/Night/JPEGImages/0185.jpg 115,92,154,137,0 153,97,191,135,0 4,307,30,333,0 108,265,142,294,0 129,301,165,337,0 157,345,195,383,0 131,437,166,470,0 307,375,341,412,0 310,198,351,238,0
/home/jasper/Datasets/Night/JPEGImages/0186.jpg 17,126,66,178,0 19,305,58,350,0 44,354,88,400,0 82,403,121,466,0 232,243,278,288,0
/home/jasper/Datasets/Night/JPEGImages/0189.jpg 31,292,74,339,0 241,371,294,425,0 31,464,67,480,0
/home/jasper/Datasets/Night/JPEGImages/0190.jpg 366,166,403,206,0 603,280,634,316,0 3,383,39,417,0 162,345,183,367,0
/home/jasper/Datasets/Night/JPEGImages/0193.jpg 10,367,45,403,0 166,333,186,355,0 602,265,638,304,0
/home/jasper/Datasets/Night/JPEGImages/0194.jpg 402,285,440,325,0
/home/jasper/Datasets/Night/JPEGImages/0197.jpg 184,309,218,339,0 619,332,640,384,0
/home/jasper/Datasets/Night/JPEGImages/0198.jpg 532,359,570,395,0 72,301,106,337,0
/home/jasper/Datasets/Night/JPEGImages/0201.jpg 1,104,43,158,0
/home/jasper/Datasets/Night/JPEGImages/0202.jpg 534,133,583,176,0
/home/jasper/Datasets/Night/JPEGImages/0205.jpg 376,236,424,286,0
/home/jasper/Datasets/Night/JPEGImages/0206.jpg 324,399,402,466,0
/home/jasper/Datasets/Night/JPEGImages/0209.jpg 319,317,495,461,0
/home/jasper/Datasets/Night/JPEGImages/0210.jpg 343,139,387,182,0
/home/jasper/Datasets/Night/JPEGImages/0213.jpg 378,225,393,243,0 382,252,402,273,0 348,298,364,317,0 388,393,409,418,0 1,300,27,362,0
/home/jasper/Datasets/Night/JPEGImages/0214.jpg 1,373,68,480,0
/home/jasper/Datasets/Night/JPEGImages/0217.jpg 388,126,439,172,0
/home/jasper/Datasets/Night/JPEGImages/0218.jpg 311,134,358,174,0 572,366,600,393,0 625,233,640,260,0
/home/jasper/Datasets/Night/JPEGImages/0221.jpg 409,129,434,158,0 410,216,431,238,0 381,347,412,378,0 53,109,103,160,0
/home/jasper/Datasets/Night/JPEGImages/0222.jpg 161,116,222,174,0 510,232,544,260,0 524,148,552,175,0
/home/jasper/Datasets/Night/JPEGImages/0225.jpg 282,3,336,61,0 197,107,233,140,0 283,278,319,323,0 315,312,352,354,0
/home/jasper/Datasets/Night/JPEGImages/0226.jpg 282,43,338,105,0 188,147,228,185,0 321,386,349,417,0
/home/jasper/Datasets/Night/JPEGImages/0229.jpg 320,362,429,466,0
/home/jasper/Datasets/Night/JPEGImages/0230.jpg 511,262,640,388,0
/home/jasper/Datasets/Night/JPEGImages/0233.jpg 365,7,401,36,0 1,112,14,131,0 136,337,160,359,0 501,292,521,314,0 104,15,127,31,0
/home/jasper/Datasets/Night/JPEGImages/0234.jpg 250,14,278,43,0 393,288,421,315,0 5,293,26,312,0 40,329,73,357,0 83,318,107,342,0
/home/jasper/Datasets/Night/JPEGImages/0237.jpg 429,233,466,267,0 592,273,628,308,0 581,340,614,378,0 573,105,614,141,0 48,296,74,316,0 1,337,19,357,0
/home/jasper/Datasets/Night/JPEGImages/0238.jpg 42,295,77,323,0 1,338,22,364,0 340,116,372,157,0 427,229,467,268,0 428,287,461,322,0 590,272,629,311,0 577,110,609,140,0 587,345,632,391,0
/home/jasper/Datasets/Night/JPEGImages/0241.jpg 420,31,640,366,0 134,1,374,88,0
/home/jasper/Datasets/Night/JPEGImages/0242.jpg 459,50,640,329,0 187,1,426,79,0
/home/jasper/Datasets/Night/JPEGImages/0245.jpg 224,265,285,324,0 512,28,557,72,0
/home/jasper/Datasets/Night/JPEGImages/0246.jpg 315,10,614,282,0
/home/jasper/Datasets/Night/JPEGImages/0249.jpg 305,156,320,172,0 262,144,274,159,0 464,165,496,199,0 479,69,508,97,0 273,289,301,326,0 279,356,306,396,0 427,342,450,368,0 125,378,151,401,0 180,150,202,172,0
/home/jasper/Datasets/Night/JPEGImages/0250.jpg 273,405,313,455,0 260,225,288,251,0 305,237,332,268,0 496,260,532,298,0 505,149,543,186,0
/home/jasper/Datasets/Night/JPEGImages/0253.jpg 481,67,518,108,0 174,161,203,188,0 105,387,140,422,0 262,305,296,346,0 263,374,301,418,0 254,148,286,179,0 297,160,323,188,0 423,355,452,387,0
/home/jasper/Datasets/Night/JPEGImages/0254.jpg 60,254,131,321,0 233,259,274,301,0 316,287,361,330,0 326,379,370,421,0 577,325,634,379,0
/home/jasper/Datasets/Night/JPEGImages/0257.jpg 171,132,197,155,0 118,344,150,380,0 258,119,279,143,0 301,136,324,158,0 311,192,339,217,0 260,336,302,378,0 419,321,442,346,0 392,386,413,407,0 474,47,503,83,0
/home/jasper/Datasets/Night/JPEGImages/0258.jpg 77,43,114,80,0 74,321,108,352,0 62,390,94,422,0 381,152,409,188,0 573,221,596,246,0
/home/jasper/Datasets/Night/JPEGImages/0261.jpg 426,246,463,283,0 467,204,496,238,0 419,306,456,344,0 420,350,451,383,0 278,158,312,188,0
/home/jasper/Datasets/Night/JPEGImages/0262.jpg 284,176,314,210,0 472,238,500,269,0 434,285,473,316,0 430,333,465,377,0
/home/jasper/Datasets/Night/JPEGImages/0265.jpg 109,1,640,196,0
/home/jasper/Datasets/Night/JPEGImages/0266.jpg 294,1,640,158,0
/home/jasper/Datasets/Night/JPEGImages/0269.jpg 281,154,312,186,0 426,246,465,283,0 464,209,492,239,0 220,248,249,279,0
/home/jasper/Datasets/Night/JPEGImages/0270.jpg 352,208,380,239,0 320,254,351,286,0 94,264,128,295,0 165,154,201,189,0 490,332,522,362,0
/home/jasper/Datasets/Night/JPEGImages/0273.jpg 352,164,386,195,0 326,215,354,244,0 551,221,586,255,0 514,265,552,300,0
/home/jasper/Datasets/Night/JPEGImages/0274.jpg 330,127,366,166,0 118,57,155,96,0 481,268,522,310,0
/home/jasper/Datasets/Night/JPEGImages/0277.jpg 138,265,173,298,0 216,272,249,302,0 202,376,236,402,0
/home/jasper/Datasets/Night/JPEGImages/0278.jpg 99,267,130,297,0 5,255,39,291,0 93,361,128,397,0
/home/jasper/Datasets/Night/JPEGImages/0281.jpg 282,246,322,287,0 519,171,557,207,0
/home/jasper/Datasets/Night/JPEGImages/0282.jpg 279,328,330,386,0 571,230,625,280,0
/home/jasper/Datasets/Night/JPEGImages/0285.jpg 177,130,202,153,0 134,288,159,316,0 547,117,591,162,0 496,295,539,331,0 492,344,525,372,0
/home/jasper/Datasets/Night/JPEGImages/0286.jpg 314,325,351,362,0 325,387,344,408,0 330,141,374,193,0
/home/jasper/Datasets/Night/JPEGImages/0289.jpg 208,139,234,171,0 294,97,316,118,0 614,353,634,374,0
/home/jasper/Datasets/Night/JPEGImages/0290.jpg 182,95,221,131,0 103,147,129,176,0 526,221,574,261,0 582,106,636,152,0
/home/jasper/Datasets/Night/JPEGImages/0293.jpg 475,283,528,349,0 1,255,25,308,0
/home/jasper/Datasets/Night/JPEGImages/0294.jpg 38,101,80,140,0 375,235,401,262,0
/home/jasper/Datasets/Night/JPEGImages/0297.jpg 1,289,38,383,0 250,257,310,324,0 295,252,362,328,0
/home/jasper/Datasets/Night/JPEGImages/0298.jpg 1,250,77,335,0 340,167,426,254,0 355,184,450,274,0 362,350,419,405,0
/home/jasper/Datasets/Night/JPEGImages/0301.jpg 209,241,311,340,0 513,1,624,54,0
/home/jasper/Datasets/Night/JPEGImages/0302.jpg 287,185,384,273,0
/home/jasper/Datasets/Night/JPEGImages/0305.jpg 129,199,203,281,0 550,146,640,228,0
/home/jasper/Datasets/Night/JPEGImages/0306.jpg 492,209,562,285,0
/home/jasper/Datasets/Night/JPEGImages/0309.jpg 456,40,550,133,0 106,1,188,38,0 180,126,249,186,0
/home/jasper/Datasets/Night/JPEGImages/0310.jpg 87,425,157,480,0 443,66,537,154,0 159,117,236,182,0
/home/jasper/Datasets/Night/JPEGImages/0313.jpg 484,345,553,404,0 425,376,460,401,0 63,443,109,480,0
/home/jasper/Datasets/Night/JPEGImages/0314.jpg 10,288,128,398,0 498,342,554,390,0 572,304,640,370,0
/home/jasper/Datasets/Night/JPEGImages/0317.jpg 574,260,618,301,0 52,265,136,337,0 377,130,416,158,0
/home/jasper/Datasets/Night/JPEGImages/0318.jpg 427,76,496,140,0 131,206,216,295,0
/home/jasper/Datasets/Night/JPEGImages/0321.jpg 182,54,221,97,0 66,282,93,309,0 124,336,152,363,0 187,259,205,279,0 273,205,312,246,0 281,360,314,400,0 518,301,540,322,0 451,196,473,217,0
/home/jasper/Datasets/Night/JPEGImages/0322.jpg 424,197,480,245,0 36,372,81,416,0 18,215,65,260,0 476,312,503,340,0 607,330,640,362,0
/home/jasper/Datasets/Night/JPEGImages/0325.jpg 357,189,402,233,0 414,295,444,323,0 372,326,394,351,0 235,357,260,382,0 22,337,57,374,0 1,196,27,229,0 225,87,253,111,0 548,319,577,350,0 592,318,635,358,0
/home/jasper/Datasets/Night/JPEGImages/0326.jpg 228,191,266,221,0 137,48,173,81,0 32,249,54,274,0 94,316,115,332,0 239,333,274,368,0 455,285,470,301,0 446,367,471,387,0 609,195,640,230,0
/home/jasper/Datasets/Night/JPEGImages/0329.jpg 271,58,309,94,0 358,196,391,242,0 159,265,188,298,0 210,319,239,356,0 354,353,388,392,0 525,183,555,214,0 592,290,619,317,0
/home/jasper/Datasets/Night/JPEGImages/0330.jpg 273,107,315,145,0 124,340,162,380,0 197,401,231,448,0 372,261,418,325,0 567,255,596,287,0
/home/jasper/Datasets/Night/JPEGImages/0333.jpg 256,144,305,195,0 362,315,412,375,0 110,400,145,437,0 566,316,611,352,0
/home/jasper/Datasets/Night/JPEGImages/0334.jpg 373,65,414,105,0 240,277,272,315,0 301,333,333,374,0 71,115,108,147,0 462,209,498,255,0
/home/jasper/Datasets/Night/JPEGImages/0337.jpg 386,93,427,134,0 479,239,515,290,0 315,363,356,408,0
/home/jasper/Datasets/Night/JPEGImages/0338.jpg 411,242,464,294,0
/home/jasper/Datasets/Night/JPEGImages/0341.jpg 396,301,444,347,0 60,365,103,408,0
/home/jasper/Datasets/Night/JPEGImages/0342.jpg 416,148,474,206,0 553,347,600,393,0
/home/jasper/Datasets/Night/JPEGImages/0345.jpg 544,1,640,81,0 36,1,196,71,0
/home/jasper/Datasets/Night/JPEGImages/0346.jpg 459,67,521,132,0 351,398,402,445,0 114,136,148,165,0
/home/jasper/Datasets/Night/JPEGImages/0349.jpg 552,255,619,328,0 4,99,28,128,0
/home/jasper/Datasets/Night/JPEGImages/0350.jpg 1,98,11,133,0 536,254,615,328,0
/home/jasper/Datasets/Night/JPEGImages/0003.jpg 1,76,30,122,0 1,280,34,315,0 43,316,89,359,0 290,136,332,179,0 351,240,387,275,0 319,333,355,364,0 369,332,417,371,0 105,400,132,429,0
/home/jasper/Datasets/Night/JPEGImages/0007.jpg 1,1,267,207,0
/home/jasper/Datasets/Night/JPEGImages/0011.jpg 257,1,497,143,0
/home/jasper/Datasets/Night/JPEGImages/0015.jpg 301,41,342,82,0 314,160,352,192,0 347,238,387,274,0 341,344,370,377,0 48,320,88,362,0 1,77,28,129,0 82,244,110,274,0
/home/jasper/Datasets/Night/JPEGImages/0019.jpg 178,135,230,182,0 238,81,286,130,0 266,156,307,201,0 217,223,256,264,0 275,298,314,342,0 1,154,35,188,0 52,223,101,276,0 542,204,587,247,0 570,232,614,276,0 530,343,575,390,0
/home/jasper/Datasets/Night/JPEGImages/0023.jpg 235,426,311,480,0
/home/jasper/Datasets/Night/JPEGImages/0027.jpg 503,237,640,384,0
/home/jasper/Datasets/Night/JPEGImages/0031.jpg 476,19,531,68,0 277,345,320,386,0 23,296,71,345,0 1,153,49,201,0 1,85,42,126,0 281,451,316,479,0 334,367,374,403,0 520,318,571,366,0
/home/jasper/Datasets/Night/JPEGImages/0035.jpg 407,16,462,68,0 225,344,266,385,0 280,364,321,406,0 224,445,267,480,0 1,300,18,344,0 438,279,463,306,0
/home/jasper/Datasets/Night/JPEGImages/0039.jpg 273,128,319,174,0 159,44,209,88,0 1,400,17,437,0 328,236,364,277,0 523,173,579,219,0
/home/jasper/Datasets/Night/JPEGImages/0043.jpg 1,149,205,340,0
/home/jasper/Datasets/Night/JPEGImages/0047.jpg 30,132,104,195,0 238,284,327,381,0
/home/jasper/Datasets/Night/JPEGImages/0051.jpg 158,34,209,87,0 1,395,21,435,0 277,126,319,174,0 329,234,367,276,0 527,171,579,219,0
/home/jasper/Datasets/Night/JPEGImages/0055.jpg 110,343,187,415,0 386,236,444,286,0 388,342,457,404,0
/home/jasper/Datasets/Night/JPEGImages/0059.jpg 1,147,45,186,0 303,382,352,435,0 7,462,42,480,0
/home/jasper/Datasets/Night/JPEGImages/0063.jpg 460,258,504,296,0 209,435,236,459,0 21,396,54,428,0
/home/jasper/Datasets/Night/JPEGImages/0067.jpg 394,289,438,334,0 384,371,439,421,0 569,94,611,139,0 550,164,583,194,0 602,174,640,219,0 594,242,640,291,0 543,360,586,399,0
/home/jasper/Datasets/Night/JPEGImages/0071.jpg 311,103,356,145,0 355,179,400,222,0 346,246,385,290,0 312,366,347,401,0 345,422,381,453,0 161,382,189,423,0 546,217,583,254,0
/home/jasper/Datasets/Night/JPEGImages/0075.jpg 1,1,181,151,0 367,163,517,310,0
/home/jasper/Datasets/Night/JPEGImages/0079.jpg 376,66,589,292,0
/home/jasper/Datasets/Night/JPEGImages/0083.jpg 154,62,339,250,0 501,50,617,175,0
/home/jasper/Datasets/Night/JPEGImages/0087.jpg 6,200,46,240,0 1,261,32,300,0 31,275,61,310,0 1,369,43,405,0 8,434,57,473,0 203,427,253,480,0 266,308,305,340,0 181,220,222,248,0 343,220,379,257,0 422,119,468,164,0 402,279,438,306,0 257,366,307,408,0
/home/jasper/Datasets/Night/JPEGImages/0091.jpg 193,135,239,181,0 88,223,147,276,0 154,308,199,351,0 1,324,37,366,0 487,95,529,142,0 536,1,572,21,0 526,48,554,79,0 407,295,454,339,0 597,324,640,362,0
/home/jasper/Datasets/Night/JPEGImages/0095.jpg 94,140,140,186,0 33,236,77,282,0 109,302,150,346,0 361,35,415,92,0 426,159,476,205,0 578,251,621,287,0 579,316,621,350,0 582,346,640,401,0
/home/jasper/Datasets/Night/JPEGImages/0099.jpg 93,1,277,135,0
/home/jasper/Datasets/Night/JPEGImages/0103.jpg 387,306,473,401,0
/home/jasper/Datasets/Night/JPEGImages/0107.jpg 150,22,193,68,0 386,330,423,367,0 420,310,460,345,0 395,288,429,317,0 378,230,407,258,0 616,108,640,144,0
/home/jasper/Datasets/Night/JPEGImages/0111.jpg 249,110,296,151,0 91,305,131,340,0 40,325,79,366,0 110,407,147,440,0 325,416,356,444,0 309,240,348,275,0 481,75,527,122,0 477,160,522,205,0 436,235,475,272,0 441,285,475,320,0
/home/jasper/Datasets/Night/JPEGImages/0115.jpg 276,211,404,338,0
/home/jasper/Datasets/Night/JPEGImages/0119.jpg 298,72,341,117,0 311,158,351,199,0 279,233,310,269,0 295,283,325,318,0 157,417,194,459,0 155,244,187,279,0 155,50,193,87,0 459,315,489,343,0 489,373,523,402,0 512,237,547,275,0 503,4,531,33,0
/home/jasper/Datasets/Night/JPEGImages/0123.jpg 286,331,464,480,0
/home/jasper/Datasets/Night/JPEGImages/0127.jpg 135,53,182,94,0 282,74,330,115,0 300,162,338,195,0 489,230,533,271,0 447,322,477,353,0 260,234,295,265,0 266,286,296,315,0 132,414,173,452,0 130,245,171,278,0
/home/jasper/Datasets/Night/JPEGImages/0131.jpg 47,100,93,144,0 81,189,127,232,0 50,268,81,300,0 74,401,103,430,0 273,268,311,306,0 268,423,305,464,0
/home/jasper/Datasets/Night/JPEGImages/0135.jpg 254,115,311,165,0 225,17,291,76,0 101,1,160,31,0 86,361,132,400,0 225,194,274,230,0 233,332,267,359,0 432,222,496,266,0 402,382,449,415,0
/home/jasper/Datasets/Night/JPEGImages/0139.jpg 19,40,212,218,0
/home/jasper/Datasets/Night/JPEGImages/0143.jpg 73,65,119,107,0 108,154,151,190,0 76,231,109,255,0 91,346,131,377,0 281,369,317,407,0
/home/jasper/Datasets/Night/JPEGImages/0147.jpg 245,325,318,395,0
/home/jasper/Datasets/Night/JPEGImages/0151.jpg 276,367,373,453,0
/home/jasper/Datasets/Night/JPEGImages/0155.jpg 488,352,531,392,0 254,436,303,480,0 304,337,337,375,0 1,254,33,317,0 1,218,40,261,0 1,364,21,408,0
/home/jasper/Datasets/Night/JPEGImages/0159.jpg 140,6,173,42,0 121,307,161,351,0 139,335,179,375,0 390,364,419,400,0 508,292,539,326,0 516,221,552,262,0
/home/jasper/Datasets/Night/JPEGImages/0163.jpg 338,237,407,317,0
/home/jasper/Datasets/Night/JPEGImages/0167.jpg 159,1,330,150,0 1,1,237,132,0
/home/jasper/Datasets/Night/JPEGImages/0171.jpg 213,282,377,436,0
/home/jasper/Datasets/Night/JPEGImages/0175.jpg 384,254,426,289,0 407,295,446,335,0 422,346,461,385,0 448,70,504,119,0 98,314,124,340,0 55,330,77,353,0 240,181,266,208,0 160,212,189,235,0
/home/jasper/Datasets/Night/JPEGImages/0179.jpg 29,162,182,296,0 1,1,101,179,0 168,402,286,480,0
/home/jasper/Datasets/Night/JPEGImages/0183.jpg 52,1,210,130,0 90,326,269,480,0 117,200,224,306,0
/home/jasper/Datasets/Night/JPEGImages/0187.jpg 205,343,272,410,0
/home/jasper/Datasets/Night/JPEGImages/0191.jpg 147,419,183,454,0 1,454,25,480,0 376,221,418,265,0
/home/jasper/Datasets/Night/JPEGImages/0195.jpg 398,272,433,311,0 588,307,622,343,0
/home/jasper/Datasets/Night/JPEGImages/0199.jpg 103,118,155,161,0
/home/jasper/Datasets/Night/JPEGImages/0203.jpg 480,133,525,175,0
/home/jasper/Datasets/Night/JPEGImages/0207.jpg 324,355,441,457,0
/home/jasper/Datasets/Night/JPEGImages/0211.jpg 225,181,281,232,0 550,286,576,313,0 560,133,581,152,0
/home/jasper/Datasets/Night/JPEGImages/0215.jpg 83,369,260,480,0
/home/jasper/Datasets/Night/JPEGImages/0219.jpg 223,139,274,179,0 494,368,526,397,0 538,234,568,259,0
/home/jasper/Datasets/Night/JPEGImages/0223.jpg 402,150,429,186,0 404,221,432,254,0 73,133,122,179,0
/home/jasper/Datasets/Night/JPEGImages/0227.jpg 279,180,343,259,0 155,305,205,357,0
/home/jasper/Datasets/Night/JPEGImages/0231.jpg 1,347,73,480,0 502,230,640,337,0
/home/jasper/Datasets/Night/JPEGImages/0235.jpg 233,11,259,42,0 26,322,61,353,0 65,314,97,341,0 382,288,411,318,0
/home/jasper/Datasets/Night/JPEGImages/0239.jpg 601,154,630,185,0 615,317,640,368,0 446,287,484,326,0 445,333,483,385,0 420,323,458,364,0 25,344,62,380,0 1,395,8,420,0
/home/jasper/Datasets/Night/JPEGImages/0243.jpg 518,46,640,244,0 331,1,494,74,0 1,1,98,67,0
/home/jasper/Datasets/Night/JPEGImages/0247.jpg 526,270,564,307,0 515,338,554,376,0 1,291,14,317,0 512,103,546,141,0 572,128,603,156,0
/home/jasper/Datasets/Night/JPEGImages/0251.jpg 143,87,218,174,0 544,240,628,340,0
/home/jasper/Datasets/Night/JPEGImages/0255.jpg 244,182,299,231,0 358,209,416,265,0 36,174,116,260,0
/home/jasper/Datasets/Night/JPEGImages/0259.jpg 54,116,84,147,0 55,411,88,450,0 391,220,425,262,0 604,295,632,329,0
/home/jasper/Datasets/Night/JPEGImages/0263.jpg 385,94,594,267,0 567,1,640,58,0
/home/jasper/Datasets/Night/JPEGImages/0267.jpg 379,1,640,132,0
/home/jasper/Datasets/Night/JPEGImages/0271.jpg 37,43,79,79,0 40,328,76,361,0 27,395,60,434,0 315,231,359,272,0 553,209,590,248,0
/home/jasper/Datasets/Night/JPEGImages/0275.jpg 326,229,366,269,0 125,165,161,199,0 491,368,524,397,0
/home/jasper/Datasets/Night/JPEGImages/0279.jpg 122,294,168,339,0 269,318,308,358,0 576,211,611,243,0 621,266,640,301,0
/home/jasper/Datasets/Night/JPEGImages/0283.jpg 456,129,482,151,0
/home/jasper/Datasets/Night/JPEGImages/0287.jpg 354,233,430,317,0
/home/jasper/Datasets/Night/JPEGImages/0291.jpg 412,115,453,158,0 373,233,401,265,0 34,102,79,143,0
/home/jasper/Datasets/Night/JPEGImages/0295.jpg 253,202,320,264,0 327,336,390,393,0 459,354,508,395,0
/home/jasper/Datasets/Night/JPEGImages/0299.jpg 444,283,536,388,0
/home/jasper/Datasets/Night/JPEGImages/0303.jpg 308,104,364,165,0 1,402,65,462,0
/home/jasper/Datasets/Night/JPEGImages/0307.jpg 511,3,601,86,0 198,439,241,480,0
/home/jasper/Datasets/Night/JPEGImages/0311.jpg 329,141,416,229,0 12,1,112,18,0
/home/jasper/Datasets/Night/JPEGImages/0315.jpg 268,164,375,267,0 452,352,502,394,0
/home/jasper/Datasets/Night/JPEGImages/0319.jpg 148,199,208,257,0 1,26,15,62,0 34,300,73,338,0 212,405,265,466,0 389,118,437,164,0 511,257,550,292,0
/home/jasper/Datasets/Night/JPEGImages/0323.jpg 229,207,276,252,0 254,364,277,390,0 300,323,321,345,0 435,330,466,361,0 479,327,522,368,0 603,289,637,321,0
/home/jasper/Datasets/Night/JPEGImages/0327.jpg 212,191,247,221,0 593,180,640,226,0 219,334,255,371,0 75,305,98,330,0 18,253,40,275,0 127,47,159,79,0 434,278,452,296,0 424,355,454,381,0
/home/jasper/Datasets/Night/JPEGImages/0331.jpg 256,119,318,182,0 53,448,110,480,0 396,347,454,405,0
/home/jasper/Datasets/Night/JPEGImages/0335.jpg 390,124,436,171,0 487,295,544,362,0 222,371,256,419,0 30,174,71,216,0
/home/jasper/Datasets/Night/JPEGImages/0339.jpg 458,178,500,219,0 620,165,640,198,0 303,298,338,329,0 352,241,373,264,0 377,35,416,79,0 95,269,113,292,0 577,323,605,347,0
/home/jasper/Datasets/Night/JPEGImages/0343.jpg 384,173,478,260,0
/home/jasper/Datasets/Night/JPEGImages/0347.jpg 53,158,93,197,0 307,399,360,448,0 398,93,452,140,0
